Catches
 -68.5131 4.83864 -7.70997 -7.67107
Index
 8.84435 84.4324
Size-compositions
 -104.004 -252.864 -90.9722
Recruitment_penalities
 58.4839 0 0
Tagging_data
 0
Initial_size-structure
0
Other_penalties
 7.02235e-018 9.66315 6.45539 0 0 0 0
Total
-348.013

selectivity
1978 1 1  0.438991 0.633421 1
1978 1 2  0.999792 0.999979 1
1978 1 3  0.999792 0.999979 1
1978 1 4  0.804997 1.11111 1
1978 1 5  0.48305 1 1
2018 1 1  0.614947 1 1
2018 1 2  0.999792 0.999979 1
2018 1 3  0.999792 0.999979 1
2018 1 4  0.804997 1.11111 1
2018 1 5  0.48305 1 1
retained
1978 1 1  2.56817e-010 0.0006355 0.999999
2018 1 1  2.56817e-010 0.000635501 1
d3_obs_size_comps_1
 0.113311 0.393339 0.493349
 0.132913 0.176818 0.690269
 0.190519 0.267727 0.541754
 0.2807 0.2097 0.5096
 0.2942 0.2714 0.4344
 0.1478 0.2127 0.6395
 0.1595 0.2229 0.6176
 0.181818 0.205321 0.612861
 0.1927 0.2162 0.5911
 0.1413 0.3235 0.5352
 0.1314 0.3152 0.5534
 0.131387 0.305069 0.563544
 0.141686 0.317768 0.540546
 0.0939 0.2275 0.6786
 0.114811 0.251825 0.633363
d3_obs_size_comps_2
 0.3865 0.3478 0.2657
 0.4281 0.319 0.2529
 0.3588 0.322 0.3192
 0.1219 0.3065 0.5716
 0.167117 0.243524 0.589359
 0.1752 0.2726 0.5522
 0.1823 0.2085 0.6092
 0.2023 0.201 0.5967
 0.1984 0.4364 0.3652
 0.1944 0.3779 0.4277
 0.1879 0.3737 0.4384
 0.424558 0.225877 0.349565
 0.238 0.2332 0.5288
 0.2274 0.33 0.4426
 0.2263 0.2911 0.4826
 0.2296 0.2759 0.4945
 0.1989 0.2926 0.5085
 0.259274 0.30047 0.440256
 0.1998 0.3054 0.4948
 0.162216 0.310231 0.527553
 0.127613 0.321232 0.551155
 0.2224 0.2214 0.5562
 0.215422 0.218022 0.566557
 0.2253 0.2699 0.5048
 0.1127 0.2346 0.6527
 0.3762 0.2345 0.3893
 0.248825 0.184818 0.566357
 0.2825 0.2744 0.4431
 0.3276 0.2293 0.4431
 0.4394 0.3525 0.2081
 0.3745 0.2219 0.4036
 0.3057 0.4202 0.2741
 0.4081 0.3371 0.2548
 0.2179 0.394 0.3881
 0.1573 0.4393 0.4034
 0.210021 0.283428 0.506551
 0.1738 0.3912 0.435
 0.234 0.2994 0.4666
 0.2255 0.278 0.4965
 0.0849 0.2994 0.6157
 0.1475 0.2219 0.6306
 0.19612 0.234623 0.569257
d3_obs_size_comps_3
 0.159384 0.265573 0.575042
 0.0769 0.2205 0.7026
 0.149315 0.20492 0.645765
 0.0671933 0.248375 0.684432
 0.1257 0.3148 0.5595
 0.1299 0.3209 0.5492
 0.1556 0.2477 0.5967
 0.0706283 0.243197 0.686174
 0.0832 0.1917 0.7251
 0.1048 0.254 0.6412
 0.10201 0.21611 0.68188
d3_pre_size_comps_1
 0.206415 0.310213 0.483371
 0.196906 0.245213 0.55788
 0.214255 0.234519 0.551226
 0.227117 0.231132 0.54175
 0.15885 0.26335 0.5778
 0.184889 0.222601 0.59251
 0.193395 0.22405 0.582556
 0.111936 0.255049 0.633016
 0.0982958 0.219793 0.681911
 0.19071 0.274396 0.534895
 0.173679 0.261307 0.565014
 0.158528 0.270831 0.570641
 0.104202 0.309594 0.586203
 0.13775 0.242371 0.619879
 0.121826 0.225296 0.652877
d3_pre_size_comps_2
 0.392095 0.347301 0.260604
 0.418838 0.310671 0.27049
 0.300867 0.357603 0.34153
 0.12082 0.372961 0.506219
 0.158201 0.247758 0.594041
 0.113741 0.28109 0.605169
 0.15365 0.275324 0.571026
 0.26322 0.24341 0.49337
 0.358596 0.256035 0.385369
 0.311184 0.319092 0.369724
 0.273338 0.322396 0.404267
 0.456753 0.224425 0.318823
 0.269205 0.387014 0.343781
 0.267643 0.318835 0.413522
 0.289849 0.303491 0.40666
 0.305409 0.297316 0.397275
 0.218843 0.347061 0.434096
 0.256455 0.295361 0.448184
 0.266603 0.295454 0.437944
 0.159654 0.347983 0.492363
 0.144464 0.309005 0.546531
 0.219971 0.255502 0.524527
 0.224931 0.237926 0.537143
 0.196696 0.244385 0.558918
 0.0758554 0.2598 0.664345
 0.170123 0.145909 0.683968
 0.115931 0.191324 0.692745
 0.258204 0.137248 0.604548
 0.313975 0.201027 0.484998
 0.17586 0.304476 0.519664
 0.307995 0.198535 0.49347
 0.229156 0.279857 0.490987
 0.209987 0.268161 0.521852
 0.192312 0.278869 0.528819
 0.127888 0.322513 0.549598
 0.20874 0.270332 0.520928
 0.168603 0.251801 0.579596
 0.15007 0.235563 0.614367
 0.162742 0.201851 0.635407
 0.131113 0.202024 0.666863
 0.145731 0.173796 0.680474
 0.235655 0.15708 0.607265
d3_pre_size_comps_3
 0.177313 0.306285 0.516402
 0.095123 0.305165 0.599711
 0.131599 0.245231 0.62317
 0.0744418 0.18426 0.741298
 0.117354 0.304741 0.577905
 0.141706 0.271417 0.586876
 0.14082 0.273528 0.585652
 0.098264 0.231341 0.670395
 0.106759 0.198601 0.69464
 0.0848389 0.196064 0.719097
 0.0946059 0.16922 0.736175
d3_res_size_comps_1
 -1.13761 0.659063 0.0772961
 -0.942513 -0.896371 1.43159
 -0.302203 0.374993 -0.0950498
 0.596237 -0.263236 -0.321563
 1.48514 0.090514 -1.44651
 -0.522527 -0.120973 0.48933
 -0.462865 -0.0138099 0.360558
 0.90593 -0.615544 -0.206884
 1.19675 -0.0436395 -0.923573
 -1.00301 0.742224 0.00432777
 -0.884917 0.820249 -0.165197
 -0.568092 0.525805 -0.101192
 0.760046 0.124133 -0.647827
 -1.06299 -0.25084 0.889096
 -0.155593 0.432168 -0.286344
d3_res_size_comps_2
 -0.0812534 0.00741226 0.0815835
 0.132355 0.126353 -0.286149
 0.854059 -0.538803 -0.338712
 0.0233373 -1.01932 0.934252
 0.168984 -0.0697439 -0.0673033
 1.14322 -0.134813 -0.753216
 0.524707 -1.16315 0.553212
 -1.03411 -0.721651 1.43635
 -1.92648 1.74417 -0.200897
 -1.75829 0.722658 0.698204
 -1.3919 0.674881 0.437783
 -0.460582 0.0245675 0.455886
 -0.518131 -2.57203 2.62091
 -0.678896 0.167895 0.413966
 -1.0739 -0.192875 1.0746
 -1.27456 -0.338802 1.37505
 -0.353281 -0.846451 1.05239
 0.0454862 0.0788035 -0.112933
 -1.18136 0.1527 0.804115
 0.0491555 -0.577079 0.498415
 -0.357127 0.185159 0.0657413
 0.0297776 -0.418809 0.325063
 -0.12774 -0.266226 0.327799
 0.46183 0.387705 -0.73013
 0.507871 -0.259218 -0.106611
 2.42515 1.19203 -3.44523
 1.50589 -0.0821057 -1.2494
 0.247301 1.40855 -1.48937
 0.205278 0.47557 -0.596407
 3.7547 0.710788 -5.42701
 0.97163 0.397602 -1.29525
 1.17483 2.01052 -3.43816
 2.8503 1.03121 -4.33356
 0.438293 1.66607 -2.04186
 0.571221 1.66392 -2.10726
 0.0191367 0.176765 -0.174928
 0.0969741 2.0198 -2.0624
 1.40178 0.985586 -2.09441
 1.06187 1.20187 -1.96449
 -0.759779 0.974317 -0.481996
 0.0277799 0.644569 -0.575343
 -0.704062 1.29391 -0.542745
d3_res_size_comps_3
 -0.489809 -0.921839 1.18625
 -0.683964 -2.04218 2.25083
 0.49709 -0.998675 0.472413
 -0.289528 1.48391 -1.22362
 0.251756 0.216593 -0.370742
 -0.351172 1.05999 -0.757204
 0.407754 -0.598318 0.225209
 -1.07867 0.276356 0.340046
 -0.853012 -0.175312 0.682245
 0.651693 1.33096 -1.62405
 0.244633 1.13925 -1.16575
