Catches
 -69.5554 3.07032 -7.71003 -7.70226
Index
 -8.95353 6.05768
Size-compositions
 -105.392 -276.249 -97.3326
Recruitment_penalities
 52.5033 0 0
Tagging_data
 0
Initial_size-structure
0
Other_penalties
 3.88786e-017 9.66299 6.46013 0 0 0 0
Total
-479.032

selectivity
1978 1 1  0.451488 0.645347 1
1978 1 2  0.999792 0.999979 1
1978 1 3  0.999792 0.999979 1
1978 1 4  0.762305 1.11111 1
1978 1 5  0.344118 0.869436 1
2018 1 1  0.404461 1 1
2018 1 2  0.999792 0.999979 1
2018 1 3  0.999792 0.999979 1
2018 1 4  0.762305 1.11111 1
2018 1 5  0.344118 0.869436 1
retained
1978 1 1  2.56817e-010 0.0006355 0.999999
2018 1 1  2.56817e-010 0.000635501 1
d3_obs_size_comps_1
 0.113311 0.393339 0.493349
 0.132913 0.176818 0.690269
 0.190519 0.267727 0.541754
 0.2807 0.2097 0.5096
 0.2942 0.2714 0.4344
 0.1478 0.2127 0.6395
 0.1595 0.2229 0.6176
 0.181818 0.205321 0.612861
 0.1927 0.2162 0.5911
 0.1413 0.3235 0.5352
 0.1314 0.3152 0.5534
 0.131387 0.305069 0.563544
 0.141686 0.317768 0.540546
 0.0939 0.2275 0.6786
 0.114811 0.251825 0.633363
d3_obs_size_comps_2
 0.3865 0.3478 0.2657
 0.4281 0.319 0.2529
 0.3588 0.322 0.3192
 0.1219 0.3065 0.5716
 0.167117 0.243524 0.589359
 0.1752 0.2726 0.5522
 0.1823 0.2085 0.6092
 0.2023 0.201 0.5967
 0.1984 0.4364 0.3652
 0.1944 0.3779 0.4277
 0.1879 0.3737 0.4384
 0.424558 0.225877 0.349565
 0.238 0.2332 0.5288
 0.2274 0.33 0.4426
 0.2263 0.2911 0.4826
 0.2296 0.2759 0.4945
 0.1989 0.2926 0.5085
 0.259274 0.30047 0.440256
 0.1998 0.3054 0.4948
 0.162216 0.310231 0.527553
 0.127613 0.321232 0.551155
 0.2224 0.2214 0.5562
 0.215422 0.218022 0.566557
 0.2253 0.2699 0.5048
 0.1127 0.2346 0.6527
 0.3762 0.2345 0.3893
 0.248825 0.184818 0.566357
 0.2825 0.2744 0.4431
 0.3276 0.2293 0.4431
 0.4394 0.3525 0.2081
 0.3745 0.2219 0.4036
 0.3057 0.4202 0.2741
 0.4081 0.3371 0.2548
 0.2179 0.394 0.3881
 0.1573 0.4393 0.4034
 0.210021 0.283428 0.506551
 0.1738 0.3912 0.435
 0.234 0.2994 0.4666
 0.2255 0.278 0.4965
 0.0849 0.2994 0.6157
 0.1475 0.2219 0.6306
 0.19612 0.234623 0.569257
d3_obs_size_comps_3
 0.159384 0.265573 0.575042
 0.0769 0.2205 0.7026
 0.149315 0.20492 0.645765
 0.0671933 0.248375 0.684432
 0.1257 0.3148 0.5595
 0.1299 0.3209 0.5492
 0.1556 0.2477 0.5967
 0.0706283 0.243197 0.686174
 0.0832 0.1917 0.7251
 0.1048 0.254 0.6412
 0.10201 0.21611 0.68188
d3_pre_size_comps_1
 0.207128 0.311333 0.481539
 0.199018 0.245669 0.555313
 0.216676 0.235569 0.547754
 0.231031 0.232048 0.536921
 0.174261 0.261967 0.563772
 0.201334 0.229639 0.569027
 0.172126 0.243923 0.58395
 0.115018 0.24221 0.642773
 0.106939 0.217466 0.675595
 0.168042 0.326064 0.505894
 0.159534 0.309103 0.531363
 0.136945 0.323974 0.53908
 0.0961219 0.337363 0.566515
 0.123407 0.267053 0.609541
 0.107933 0.257494 0.634573
d3_pre_size_comps_2
 0.388136 0.347601 0.264263
 0.411655 0.31812 0.270225
 0.293452 0.365319 0.341229
 0.120201 0.377091 0.502708
 0.152055 0.254808 0.593137
 0.108825 0.28601 0.605165
 0.14941 0.279212 0.571378
 0.260311 0.247715 0.491974
 0.34364 0.267377 0.388983
 0.303342 0.322963 0.373695
 0.266088 0.32766 0.406252
 0.438492 0.233823 0.327685
 0.255776 0.392039 0.352185
 0.255667 0.321822 0.422511
 0.277325 0.307452 0.415223
 0.294061 0.301181 0.404758
 0.224767 0.344555 0.430678
 0.260621 0.303122 0.436256
 0.224499 0.324415 0.451086
 0.154865 0.332553 0.512582
 0.146727 0.304264 0.549009
 0.206957 0.269905 0.523139
 0.210837 0.243121 0.546042
 0.222163 0.233935 0.543902
 0.131713 0.267058 0.601228
 0.249562 0.176935 0.573503
 0.157743 0.260959 0.581299
 0.230721 0.198517 0.570762
 0.313436 0.206738 0.479826
 0.231698 0.292311 0.475991
 0.347237 0.222154 0.430609
 0.267293 0.305757 0.42695
 0.255791 0.292174 0.452035
 0.223052 0.311082 0.465866
 0.16139 0.333932 0.504678
 0.229665 0.265422 0.504913
 0.204231 0.260547 0.535222
 0.180968 0.254518 0.564514
 0.201538 0.223798 0.574664
 0.163773 0.237634 0.598593
 0.176697 0.20932 0.613983
 0.200583 0.203825 0.595592
d3_pre_size_comps_3
 0.148716 0.299826 0.551458
 0.0776199 0.279006 0.643374
 0.121232 0.22128 0.657488
 0.0831182 0.238353 0.678529
 0.129236 0.282624 0.58814
 0.145038 0.28717 0.567792
 0.127009 0.254436 0.618555
 0.0966352 0.235589 0.667776
 0.108209 0.208287 0.683504
 0.0861185 0.216602 0.697279
 0.0930151 0.191002 0.715983
d3_res_size_comps_1
 -1.14631 0.65018 0.0914905
 -0.973609 -0.902344 1.45935
 -0.333037 0.363139 -0.060213
 0.552688 -0.274486 -0.273258
 1.31604 0.106068 -1.305
 -0.754214 -0.206963 0.733871
 -0.172424 -0.252566 0.346207
 0.865977 -0.45662 -0.30704
 1.08719 -0.0153827 -0.859334
 -0.542862 -0.0387495 0.415477
 -0.588851 0.0927879 0.313447
 -0.116346 -0.290325 0.348789
 0.923888 -0.297582 -0.368471
 -0.715295 -0.667146 1.04563
 0.152564 -0.09235 -0.0177448
d3_res_size_comps_2
 -0.0237545 0.00295449 0.0230018
 0.235008 0.0133541 -0.281836
 0.963375 -0.655573 -0.33415
 0.0367122 -1.08267 0.984428
 0.28546 -0.18589 -0.0543021
 1.23466 -0.212941 -0.753155
 0.602368 -1.23083 0.548111
 -0.984734 -0.794899 1.45576
 -1.74663 1.63449 -0.236888
 -1.64022 0.675088 0.650377
 -1.27379 0.605639 0.412312
 -0.199347 -0.134357 0.324463
 -0.295157 -2.65605 2.50187
 -0.476862 0.122987 0.285987
 -0.862268 -0.254535 0.953439
 -1.08378 -0.39995 1.26922
 -0.458211 -0.807508 1.10073
 -0.0217356 -0.0409099 0.0569701
 -0.436779 -0.291931 0.618239
 0.141006 -0.341215 0.212043
 -0.405082 0.256957 0.030506
 0.189356 -0.595694 0.339311
 0.0615877 -0.335711 0.228627
 0.0506489 0.546508 -0.527542
 -0.262084 -0.333885 0.471235
 1.4903 0.774558 -2.15368
 1.0321 -0.960992 -0.147709
 0.527039 0.779312 -1.17769
 0.213389 0.379508 -0.522777
 2.95916 0.890841 -4.66628
 0.398301 -0.00431878 -0.389265
 0.58949 1.63948 -2.42302
 2.19131 0.672011 -3.20061
 -0.0882496 1.19991 -1.1284
 -0.07944 1.50123 -1.45979
 -0.293357 0.243041 0.0199252
 -0.567855 1.89308 -1.42948
 0.885735 0.692941 -1.38782
 0.405437 0.855485 -1.10544
 -1.29673 0.618017 0.161161
 -0.458428 0.168559 0.191694
 -0.0794782 0.513913 -0.376064
d3_res_size_comps_3
 0.291439 -0.77557 0.477093
 -0.0270186 -1.4112 1.29565
 0.787962 -0.405291 -0.245118
 -0.636091 0.231957 0.127012
 -0.106666 0.692807 -0.576907
 -0.450272 0.722539 -0.373651
 0.788761 -0.156039 -0.445508
 -1.01509 0.177352 0.396476
 -0.905511 -0.421379 0.931674
 0.609919 0.85913 -1.16917
 0.297194 0.610025 -0.732221
