Catches
 -68.5382 4.31214 -7.70998 -7.67365
Index
 7.84902 83.3292 0
Size-compositions
 -104.213 -254.646 -89.4229
Recruitment_penalities
 57.944 0 0
Tagging_data
 0
Initial_size-structure
0
Other_penalties
 5.27641e-019 9.66314 6.45512 0 0 0 0
Total
-352.852

selectivity
1978 1 1  0.447087 0.639127 1
1978 1 2  0.999792 0.999979 1
1978 1 3  0.999792 0.999979 1
1978 1 4  0.793886 1.11111 1
1978 1 5  0.60497 1 1
1978 1 6  0.281685 0.907844 1
2018 1 1  0.598796 1 1
2018 1 2  0.999792 0.999979 1
2018 1 3  0.999792 0.999979 1
2018 1 4  0.793886 1.11111 1
2018 1 5  0.60497 1 1
2018 1 6  0.281685 0.907844 1
retained
1978 1 1  2.56817e-010 0.0006355 0.999999
2018 1 1  2.56817e-010 0.000635501 1
d3_obs_size_comps_1
 0.113311 0.393339 0.493349
 0.132913 0.176818 0.690269
 0.190519 0.267727 0.541754
 0.2807 0.2097 0.5096
 0.2942 0.2714 0.4344
 0.1478 0.2127 0.6395
 0.1595 0.2229 0.6176
 0.181818 0.205321 0.612861
 0.1927 0.2162 0.5911
 0.1413 0.3235 0.5352
 0.1314 0.3152 0.5534
 0.131387 0.305069 0.563544
 0.141686 0.317768 0.540546
 0.0939 0.2275 0.6786
 0.114811 0.251825 0.633363
d3_obs_size_comps_2
 0.3865 0.3478 0.2657
 0.4281 0.319 0.2529
 0.3588 0.322 0.3192
 0.1219 0.3065 0.5716
 0.167117 0.243524 0.589359
 0.1752 0.2726 0.5522
 0.1823 0.2085 0.6092
 0.2023 0.201 0.5967
 0.1984 0.4364 0.3652
 0.1944 0.3779 0.4277
 0.1879 0.3737 0.4384
 0.424558 0.225877 0.349565
 0.238 0.2332 0.5288
 0.2274 0.33 0.4426
 0.2263 0.2911 0.4826
 0.2296 0.2759 0.4945
 0.1989 0.2926 0.5085
 0.259274 0.30047 0.440256
 0.1998 0.3054 0.4948
 0.162216 0.310231 0.527553
 0.127613 0.321232 0.551155
 0.2224 0.2214 0.5562
 0.215422 0.218022 0.566557
 0.2253 0.2699 0.5048
 0.1127 0.2346 0.6527
 0.3762 0.2345 0.3893
 0.248825 0.184818 0.566357
 0.2825 0.2744 0.4431
 0.3276 0.2293 0.4431
 0.4394 0.3525 0.2081
 0.3745 0.2219 0.4036
 0.3057 0.4202 0.2741
 0.4081 0.3371 0.2548
 0.2179 0.394 0.3881
 0.1573 0.4393 0.4034
 0.210021 0.283428 0.506551
 0.1738 0.3912 0.435
 0.234 0.2994 0.4666
 0.2255 0.278 0.4965
 0.0849 0.2994 0.6157
 0.1475 0.2219 0.6306
 0.19612 0.234623 0.569257
d3_obs_size_comps_3
 0.159384 0.265573 0.575042
 0.0769 0.2205 0.7026
 0.149315 0.20492 0.645765
 0.0671933 0.248375 0.684432
 0.1257 0.3148 0.5595
 0.1299 0.3209 0.5492
 0.1556 0.2477 0.5967
 0.0706283 0.243197 0.686174
 0.0832 0.1917 0.7251
 0.1048 0.254 0.6412
 0.10201 0.21611 0.68188
d3_pre_size_comps_1
 0.208015 0.311012 0.480973
 0.199039 0.245302 0.555659
 0.216966 0.234341 0.548693
 0.230789 0.230989 0.538223
 0.164298 0.263241 0.572461
 0.168251 0.230129 0.601619
 0.200343 0.210777 0.58888
 0.116229 0.255036 0.628735
 0.0906614 0.2249 0.684439
 0.190407 0.27706 0.532533
 0.158469 0.269687 0.571845
 0.160481 0.262183 0.577336
 0.102773 0.312273 0.584953
 0.140865 0.234706 0.624429
 0.13736 0.224205 0.638435
d3_pre_size_comps_2
 0.391107 0.347362 0.261531
 0.417007 0.312488 0.270505
 0.298756 0.35965 0.341595
 0.120034 0.374139 0.505826
 0.156851 0.248906 0.594243
 0.112386 0.282103 0.60551
 0.152457 0.275711 0.571832
 0.262292 0.24391 0.493799
 0.354947 0.258277 0.386776
 0.309359 0.319769 0.370872
 0.271688 0.323509 0.404803
 0.452993 0.226346 0.32066
 0.265536 0.388697 0.345767
 0.264635 0.319311 0.416055
 0.28722 0.303721 0.409059
 0.303651 0.297547 0.398802
 0.220708 0.346213 0.433079
 0.229736 0.307642 0.462622
 0.271343 0.279494 0.449164
 0.161429 0.346794 0.491777
 0.130205 0.316225 0.55357
 0.22043 0.246612 0.532958
 0.222279 0.237661 0.54006
 0.190918 0.245632 0.563451
 0.0760463 0.256909 0.667045
 0.171062 0.145574 0.683364
 0.0985046 0.197255 0.70424
 0.267402 0.126249 0.60635
 0.312612 0.205605 0.481783
 0.158815 0.313284 0.527901
 0.313035 0.189807 0.497159
 0.231001 0.281698 0.487302
 0.194249 0.277046 0.528705
 0.196748 0.269382 0.53387
 0.12756 0.324824 0.547616
 0.194966 0.276704 0.52833
 0.17422 0.243275 0.582504
 0.170252 0.232893 0.596855
 0.189058 0.211231 0.599712
 0.136021 0.226552 0.637426
 0.181586 0.179533 0.638881
 0.225924 0.187695 0.586382
d3_pre_size_comps_3
 0.191421 0.302742 0.505837
 0.105847 0.303611 0.590542
 0.156436 0.237707 0.605857
 0.0784505 0.185538 0.736011
 0.130009 0.302892 0.567099
 0.159842 0.269247 0.570912
 0.160456 0.268954 0.570591
 0.0712742 0.224514 0.704212
 0.0799175 0.205613 0.714469
 0.0554237 0.212572 0.732004
 0.0758001 0.172575 0.751625
d3_res_size_comps_1
 -1.15715 0.652728 0.0958746
 -0.973926 -0.897536 1.45562
 -0.336725 0.377004 -0.0696277
 0.555385 -0.261472 -0.286279
 1.42536 0.0917442 -1.39265
 -0.288129 -0.212956 0.394469
 -0.557748 0.145636 0.295494
 0.850274 -0.615387 -0.162944
 1.29353 -0.105667 -0.949279
 -0.996861 0.701947 0.0378104
 -0.566561 0.692706 -0.262346
 -0.608981 0.658627 -0.196651
 0.789018 0.0834496 -0.630089
 -1.13851 -0.121549 0.820206
 -0.500139 0.44994 -0.0744156
d3_res_size_comps_2
 -0.0668982 0.00650693 0.0667341
 0.158528 0.0987932 -0.28639
 0.885186 -0.569775 -0.339695
 0.0403221 -1.0374 0.939865
 0.194571 -0.0886615 -0.0702031
 1.16842 -0.15091 -0.758065
 0.546561 -1.16989 0.541531
 -1.01835 -0.730145 1.43039
 -1.8826 1.72249 -0.21491
 -1.7308 0.714334 0.684375
 -1.36503 0.660244 0.430903
 -0.406802 -0.00793014 0.428638
 -0.457214 -2.60016 2.59278
 -0.628143 0.160742 0.377908
 -1.02947 -0.196462 1.04066
 -1.24501 -0.342461 1.35346
 -0.386317 -0.833271 1.06677
 0.476606 -0.110619 -0.318585
 -1.26518 0.397727 0.645432
 0.015105 -0.5589 0.506714
 -0.054927 0.0758189 -0.0343337
 0.0241538 -0.309633 0.238535
 -0.0921145 -0.262678 0.295288
 0.55513 0.368768 -0.791279
 0.50524 -0.229482 -0.131329
 2.41411 1.19654 -3.43817
 1.70336 -0.156966 -1.36304
 0.15368 1.52151 -1.50599
 0.225816 0.398561 -0.550642
 3.99754 0.580428 -5.57049
 0.898 0.546138 -1.34842
 1.14652 1.98415 -3.37974
 3.07673 0.898301 -4.44476
 0.362307 1.80336 -2.11515
 0.577592 1.63101 -2.07869
 0.22482 0.0907594 -0.264976
 -0.00783974 2.14333 -2.10388
 1.06471 1.02682 -1.84621
 0.616602 1.05383 -1.45967
 -0.840469 0.728893 -0.204682
 -0.535198 0.567692 -0.0955298
 -0.530772 0.783073 -0.244535
d3_res_size_comps_3
 -0.875244 -0.841607 1.39997
 -1.08648 -2.00468 2.45143
 -0.199803 -0.812255 0.834386
 -0.449649 1.45432 -1.10985
 -0.129991 0.256404 -0.153068
 -0.890608 1.10649 -0.436351
 -0.133958 -0.492355 0.532238
 -0.0252114 0.435488 -0.388691
 0.118852 -0.353457 0.238114
 1.61205 0.951718 -1.89314
 0.865982 1.05772 -1.49748
