Catches
 -69.725 2.4514 -7.71004 -7.70528
Index
 -7.08384 7.00978
Size-compositions
 -105.613 -286.422 -98.0942
Recruitment_penalities
 52.7428 0 0
Tagging_data
 0
Initial_size-structure
0
Other_penalties
 1.3301e-016 9.66303 6.46274 0 0 0 0
Total
-487.819

selectivity
1978 1 1  0.515336 0.723987 1
1978 1 2  0.999792 0.999979 1
1978 1 3  0.999792 0.999979 1
1978 1 4  0.788639 1.11111 1
1978 1 5  0.325563 0.855038 1
2018 1 1  0.370068 1 1
2018 1 2  0.999792 0.999979 1
2018 1 3  0.999792 0.999979 1
2018 1 4  0.788639 1.11111 1
2018 1 5  0.325563 0.855038 1
retained
1978 1 1  2.56817e-010 0.0006355 0.999999
2018 1 1  2.56817e-010 0.000635501 1
d3_obs_size_comps_1
 0.113311 0.393339 0.493349
 0.132913 0.176818 0.690269
 0.190519 0.267727 0.541754
 0.2807 0.2097 0.5096
 0.2942 0.2714 0.4344
 0.1478 0.2127 0.6395
 0.1595 0.2229 0.6176
 0.181818 0.205321 0.612861
 0.1927 0.2162 0.5911
 0.1413 0.3235 0.5352
 0.1314 0.3152 0.5534
 0.131387 0.305069 0.563544
 0.141686 0.317768 0.540546
 0.0939 0.2275 0.6786
 0.114811 0.251825 0.633363
d3_obs_size_comps_2
 0.3865 0.3478 0.2657
 0.4281 0.319 0.2529
 0.3588 0.322 0.3192
 0.1219 0.3065 0.5716
 0.167117 0.243524 0.589359
 0.1752 0.2726 0.5522
 0.1823 0.2085 0.6092
 0.2023 0.201 0.5967
 0.1984 0.4364 0.3652
 0.1944 0.3779 0.4277
 0.1879 0.3737 0.4384
 0.424558 0.225877 0.349565
 0.238 0.2332 0.5288
 0.2274 0.33 0.4426
 0.2263 0.2911 0.4826
 0.2296 0.2759 0.4945
 0.1989 0.2926 0.5085
 0.259274 0.30047 0.440256
 0.1998 0.3054 0.4948
 0.162216 0.310231 0.527553
 0.127613 0.321232 0.551155
 0.2224 0.2214 0.5562
 0.215422 0.218022 0.566557
 0.2253 0.2699 0.5048
 0.1127 0.2346 0.6527
 0.3762 0.2345 0.3893
 0.248825 0.184818 0.566357
 0.2825 0.2744 0.4431
 0.3276 0.2293 0.4431
 0.4394 0.3525 0.2081
 0.3745 0.2219 0.4036
 0.3057 0.4202 0.2741
 0.4081 0.3371 0.2548
 0.2179 0.394 0.3881
 0.1573 0.4393 0.4034
 0.210021 0.283428 0.506551
 0.1738 0.3912 0.435
 0.234 0.2994 0.4666
 0.2255 0.278 0.4965
 0.0849 0.2994 0.6157
 0.1475 0.2219 0.6306
 0.19612 0.234623 0.569257
d3_obs_size_comps_3
 0.159384 0.265573 0.575042
 0.0769 0.2205 0.7026
 0.149315 0.20492 0.645765
 0.0671933 0.248375 0.684432
 0.1257 0.3148 0.5595
 0.1299 0.3209 0.5492
 0.1556 0.2477 0.5967
 0.0706283 0.243197 0.686174
 0.0832 0.1917 0.7251
 0.1048 0.254 0.6412
 0.10201 0.21611 0.68188
d3_pre_size_comps_1
 0.198965 0.297616 0.503419
 0.199243 0.240035 0.560721
 0.216091 0.234684 0.549226
 0.2343 0.232054 0.533646
 0.185831 0.262669 0.5515
 0.206587 0.238556 0.554858
 0.170346 0.252763 0.57689
 0.126413 0.242688 0.630899
 0.116779 0.226908 0.656313
 0.163892 0.336318 0.49979
 0.158521 0.319583 0.521896
 0.131388 0.340169 0.528444
 0.0928255 0.347967 0.559207
 0.11659 0.275667 0.607743
 0.103554 0.263198 0.633248
d3_pre_size_comps_2
 0.391168 0.34734 0.261492
 0.415538 0.312536 0.271926
 0.298018 0.359732 0.34225
 0.12281 0.373166 0.504024
 0.160757 0.248211 0.591032
 0.123369 0.276457 0.600174
 0.157454 0.269293 0.573253
 0.252955 0.237109 0.509936
 0.323456 0.253538 0.423005
 0.281983 0.305464 0.412553
 0.239396 0.309779 0.450826
 0.397012 0.2243 0.378688
 0.240764 0.361169 0.398067
 0.247087 0.298525 0.454387
 0.266668 0.29044 0.442892
 0.287228 0.285288 0.427484
 0.229526 0.325359 0.445115
 0.255551 0.295941 0.448508
 0.21272 0.31654 0.47074
 0.161642 0.311208 0.52715
 0.151033 0.294303 0.554664
 0.215671 0.263258 0.521071
 0.221813 0.240431 0.537756
 0.237136 0.232835 0.530029
 0.149274 0.268953 0.581773
 0.264758 0.183653 0.551589
 0.171827 0.266006 0.562168
 0.245348 0.203427 0.551225
 0.326151 0.209964 0.463885
 0.26278 0.285689 0.451531
 0.361582 0.230714 0.407705
 0.28564 0.305614 0.408746
 0.278084 0.292304 0.429612
 0.236003 0.318581 0.445416
 0.172969 0.338065 0.488965
 0.242443 0.267059 0.490498
 0.21373 0.263481 0.522789
 0.192504 0.255103 0.552393
 0.21437 0.225478 0.560153
 0.173711 0.241466 0.584823
 0.185922 0.212657 0.60142
 0.200511 0.208478 0.591011
d3_pre_size_comps_3
 0.13495 0.29132 0.57373
 0.0739176 0.268499 0.657583
 0.121291 0.221999 0.65671
 0.0846655 0.244331 0.671004
 0.139102 0.281907 0.578991
 0.149214 0.292375 0.558411
 0.125719 0.25815 0.616131
 0.0959566 0.237041 0.667003
 0.107638 0.211045 0.681318
 0.0851318 0.220592 0.694276
 0.0911738 0.194397 0.714429
d3_res_size_comps_1
 -1.04658 0.758937 -0.0780027
 -0.976933 -0.828511 1.40087
 -0.325578 0.373139 -0.074979
 0.516316 -0.274561 -0.240504
 1.18909 0.0981666 -1.18121
 -0.828209 -0.315919 0.881425
 -0.148118 -0.358767 0.418846
 0.718251 -0.462544 -0.185154
 0.962443 -0.130059 -0.663236
 -0.458609 -0.193743 0.502012
 -0.56765 -0.0667132 0.448099
 -1.46432e-005 -0.53903 0.500446
 0.990729 -0.458622 -0.264784
 -0.550046 -0.812451 1.07285
 0.249697 -0.185274 0.00169812
d3_res_size_comps_2
 -0.0677884 0.00683021 0.0673669
 0.179524 0.0980658 -0.309512
 0.896054 -0.571018 -0.349632
 -0.0196693 -1.02247 0.965617
 0.120534 -0.0772028 -0.024053
 0.964132 -0.0612524 -0.682183
 0.455042 -1.05818 0.520941
 -0.859863 -0.614425 1.20607
 -1.5039 1.76831 -0.575768
 -1.31863 0.890118 0.182414
 -0.838936 0.84085 -0.159365
 0.394066 0.0266702 -0.43187
 -0.0458972 -2.13985 1.85192
 -0.332126 0.473316 -0.167804
 -0.682169 0.0102729 0.561895
 -0.968884 -0.148522 0.947804
 -0.542525 -0.509152 0.896536
 0.060067 0.0698505 -0.117537
 -0.228484 -0.171028 0.340279
 0.0110117 -0.0149281 0.00570091
 -0.496325 0.407786 -0.0498875
 0.0825071 -0.514065 0.360531
 -0.0858572 -0.299735 0.320974
 -0.191104 0.563219 -0.340371
 -0.504142 -0.35337 0.649348
 1.31147 0.684171 -1.89747
 0.872508 -1.02469 0.0414081
 0.378156 0.728889 -0.997461
 0.0218327 0.325248 -0.295873
 2.51633 0.988861 -4.24024
 0.188736 -0.149984 -0.0591604
 0.307888 1.64153 -2.13445
 1.87057 0.670074 -2.83675
 -0.310087 1.0914 -0.831668
 -0.304323 1.44234 -1.23331
 -0.484171 0.220938 0.195308
 -0.745098 1.85056 -1.25215
 0.693065 0.683908 -1.21602
 0.188322 0.828969 -0.900205
 -1.46012 0.579676 0.290884
 -0.603285 0.123847 0.336617
 -0.0782029 0.436265 -0.310638
d3_res_size_comps_3
 0.667535 -0.582986 0.0265576
 0.111937 -1.15778 0.984811
 0.786303 -0.423101 -0.228852
 -0.697893 0.0936084 0.288927
 -0.404274 0.708243 -0.392615
 -0.574498 0.611053 -0.18512
 0.824348 -0.242073 -0.396096
 -0.988606 0.143508 0.413142
 -0.884831 -0.491436 0.980649
 0.642131 0.767467 -1.10656
 0.35803 0.527542 -0.698863
