datafile
../data/sm19.dat
controlfile
sm19.ctl
projectfile
sm19.prj
syr
1978
nyr
2018
nseason
5
nfleet
5
nsex
1
nshell
1
nmature
1
nclass
3
season_recruitment
5
season_growth
5
season_ssb
4
season_N
1
size_breaks
 90 105 120 135
m_prop_type
2
m_prop_in
 0 0.07 0 0.56 0.37
 0 0.06 0 0.57 0.37
 0 0.07 0 0.56 0.37
 0 0.05 0 0.58 0.37
 0 0.07 0 0.56 0.37
 0 0.12 0 0.51 0.37
 0 0.1 0 0.53 0.37
 0 0.14 0 0.49 0.37
 0 0.14 0 0.49 0.37
 0 0.14 0 0.49 0.37
 0 0.14 0 0.49 0.37
 0 0.14 0 0.49 0.37
 0 0.14 0 0.49 0.37
 0 0.18 0 0.45 0.37
 0 0.14 0 0.49 0.37
 0 0.18 0 0.45 0.37
 0 0.18 0 0.45 0.37
 0 0.18 0 0.45 0.37
 0 0.18 0 0.45 0.37
 0 0.18 0 0.45 0.37
 0 0.18 0 0.45 0.37
 0 0.18 0 0.45 0.37
 0 0.18 0 0.45 0.37
 0 0.18 0 0.45 0.37
 0 0.18 0 0.45 0.37
 0 0.18 0 0.45 0.37
 0 0.18 0 0.45 0.37
 0 0.18 0 0.45 0.37
 0 0.18 0 0.45 0.37
 0 0.18 0 0.45 0.37
 0 0.18 0 0.45 0.37
 0 0.44 0 0.19 0.37
 0 0.44 0 0.19 0.37
 0 0.44 0 0.19 0.37
 0 0.44 0 0.19 0.37
 0 0.44 0 0.19 0.37
 0 0.44 0 0.19 0.37
 0 0.44 0 0.19 0.37
 0 0.44 0 0.19 0.37
 0 0.44 0 0.19 0.37
 0 0.44 0 0.19 0.37
name_read_flt
Pot_Fishery:Trawl_Bycatch:Fixed_bycatch
name_read_srv
NMFS_Trawl:ADFG_Pot
season_type
 1 1 1 1 1
nCatchDF
4
nCatchRows
 27 18 28 28
dCatchData
 1978 3 1 1 436126 0.03 1 2 1 0 0.2
 1979 3 1 1 52966 0.03 1 2 1 0 0.2
 1980 3 1 1 33162 0.03 1 2 1 0 0.2
 1981 3 1 1 1.04562e+006 0.03 1 2 1 0 0.2
 1982 3 1 1 1.93589e+006 0.03 1 2 1 0 0.2
 1983 3 1 1 1.93199e+006 0.03 1 2 1 0 0.2
 1984 3 1 1 841017 0.03 1 2 1 0 0.2
 1985 3 1 1 436021 0.03 1 2 1 0 0.2
 1986 3 1 1 219548 0.03 1 2 1 0 0.2
 1987 3 1 1 227447 0.03 1 2 1 0 0.2
 1988 3 1 1 280401 0.03 1 2 1 0 0.2
 1989 3 1 1 247641 0.03 1 2 1 0 0.2
 1990 3 1 1 391405 0.03 1 2 1 0 0.2
 1991 3 1 1 726519 0.03 1 2 1 0 0.2
 1992 3 1 1 545222 0.03 1 2 1 0 0.2
 1993 3 1 1 630353 0.03 1 2 1 0 0.2
 1994 3 1 1 827015 0.03 1 2 1 0 0.2
 1995 3 1 1 666905 0.03 1 2 1 0 0.2
 1996 3 1 1 660665 0.03 1 2 1 0 0.2
 1997 3 1 1 939822 0.03 1 2 1 0 0.2
 1998 3 1 1 635370 0.03 1 2 1 0 0.2
 2009 3 1 1 103376 0.03 1 2 1 0 0.2
 2010 3 1 1 298669 0.03 1 2 1 0 0.2
 2011 3 1 1 437862 0.03 1 2 1 0 0.2
 2012 3 1 1 379386 0.03 1 2 1 0 0.2
 2014 3 1 1 69109 0.03 1 2 1 0 0.2
 2015 3 1 1 24407 0.03 1 2 1 0 0.2
 1990 3 1 1 254.979 0.6 2 1 1 0 0.2
 1991 3 1 1 531.448 0.6 2 1 1 0 0.2
 1992 3 1 1 1050.39 0.6 2 1 1 0 0.2
 1993 3 1 1 951.463 0.6 2 1 1 0 0.2
 1994 3 1 1 1210.76 0.6 2 1 1 0 0.2
 1995 3 1 1 363.112 0.6 2 1 1 0 0.2
 1996 3 1 1 528.524 0.6 2 1 1 0 0.2
 1997 3 1 1 1382.83 0.6 2 1 1 0 0.2
 1998 3 1 1 781.103 0.6 2 1 1 0 0.2
 2009 3 1 1 123.371 0.2 2 1 1 0 0.2
 2010 3 1 1 304.656 0.2 2 1 1 0 0.2
 2011 3 1 1 481.357 0.2 2 1 1 0 0.2
 2012 3 1 1 437.336 0.2 2 1 1 0 0.2
 2014 3 1 1 45.484 0.2 2 1 1 0 0.2
 2015 3 1 1 21.1938 0.2 2 1 1 0 0.2
 2016 3 1 1 0.0211938 0.2 2 1 1 0 0.2
 2017 3 1 1 0.0211938 0.2 2 1 1 0 0.2
 2018 3 1 1 0.214868 0.2 2 1 1 0 0.2
 1991 2 2 1 3.538 0.31 2 1 1 0 0.8
 1992 2 2 1 1.996 0.31 2 1 1 0 0.8
 1993 2 2 1 1.542 0.31 2 1 1 0 0.8
 1994 2 2 1 0.318 0.31 2 1 1 0 0.8
 1995 2 2 1 0.635 0.31 2 1 1 0 0.8
 1996 2 2 1 0.5 0.31 2 1 1 0 0.8
 1997 2 2 1 0.5 0.31 2 1 1 0 0.8
 1998 2 2 1 0.5 0.31 2 1 1 0 0.8
 1999 2 2 1 0.5 0.31 2 1 1 0 0.8
 2000 2 2 1 0.5 0.31 2 1 1 0 0.8
 2001 2 2 1 0.5 0.31 2 1 1 0 0.8
 2002 2 2 1 0.726 0.31 2 1 1 0 0.8
 2003 2 2 1 0.998 0.31 2 1 1 0 0.8
 2004 2 2 1 0.091 0.31 2 1 1 0 0.8
 2005 2 2 1 0.5 0.31 2 1 1 0 0.8
 2006 2 2 1 2.812 0.31 2 1 1 0 0.8
 2007 2 2 1 0.045 0.31 2 1 1 0 0.8
 2008 2 2 1 0.272 0.31 2 1 1 0 0.8
 2009 2 2 1 0.638 0.31 2 1 1 0 0.8
 2010 2 2 1 0.36 0.31 2 1 1 0 0.8
 2011 2 2 1 0.17 0.31 2 1 1 0 0.8
 2012 2 2 1 0.011 0.31 2 1 1 0 0.8
 2013 2 2 1 0.163 0.31 2 1 1 0 0.8
 2014 2 2 1 0.01 0.31 2 1 1 0 0.8
 2015 2 2 1 0.01 0.31 2 1 1 0 0.8
 2016 2 2 1 0.229 0.31 2 1 1 0 0.8
 2017 2 2 1 0.052 0.31 2 1 1 0 0.8
 2018 2 2 1 0.001 0.31 2 1 1 0 0.8
 1991 2 3 1 0.045 0.31 2 1 1 0 0.5
 1992 2 3 1 2.268 0.31 2 1 1 0 0.5
 1993 2 3 1 0.5 0.31 2 1 1 0 0.5
 1994 2 3 1 0.091 0.31 2 1 1 0 0.5
 1995 2 3 1 0.136 0.31 2 1 1 0 0.5
 1996 2 3 1 0.045 0.31 2 1 1 0 0.5
 1997 2 3 1 0.181 0.31 2 1 1 0 0.5
 1998 2 3 1 0.907 0.31 2 1 1 0 0.5
 1999 2 3 1 1.361 0.31 2 1 1 0 0.5
 2000 2 3 1 0.5 0.31 2 1 1 0 0.5
 2001 2 3 1 0.862 0.31 2 1 1 0 0.5
 2002 2 3 1 0.408 0.31 2 1 1 0 0.5
 2003 2 3 1 1.134 0.31 2 1 1 0 0.5
 2004 2 3 1 0.635 0.31 2 1 1 0 0.5
 2005 2 3 1 0.59 0.31 2 1 1 0 0.5
 2006 2 3 1 1.451 0.31 2 1 1 0 0.5
 2007 2 3 1 69.717 0.31 2 1 1 0 0.5
 2008 2 3 1 6.622 0.31 2 1 1 0 0.5
 2009 2 3 1 7.522 0.31 2 1 1 0 0.5
 2010 2 3 1 9.564 0.31 2 1 1 0 0.5
 2011 2 3 1 0.796 0.31 2 1 1 0 0.5
 2012 2 3 1 0.739 0.31 2 1 1 0 0.5
 2013 2 3 1 0.341 0.31 2 1 1 0 0.5
 2014 2 3 1 0.49 0.31 2 1 1 0 0.5
 2015 2 3 1 0.711 0.31 2 1 1 0 0.5
 2016 2 3 1 1.633 0.31 2 1 1 0 0.5
 2017 2 3 1 6.032 0.31 2 1 1 0 0.5
 2018 2 3 1 1.281 0.31 2 1 1 0 0.5
obs_catch
 436126 52966 33162 1.04562e+006 1.93589e+006 1.93199e+006 841017 436021 219548 227447 280401 247641 391405 726519 545222 630353 827015 666905 660665 939822 635370 103376 298669 437862 379386 69109 24407
 254.979 531.448 1050.39 951.463 1210.76 363.112 528.524 1382.83 781.103 123.371 304.656 481.357 437.336 45.484 21.1938 0.0211938 0.0211938 0.214868
 3.538 1.996 1.542 0.318 0.635 0.5 0.5 0.5 0.5 0.5 0.5 0.726 0.998 0.091 0.5 2.812 0.045 0.272 0.638 0.36 0.17 0.011 0.163 0.01 0.01 0.229 0.052 0.001
 0.045 2.268 0.5 0.091 0.136 0.045 0.181 0.907 1.361 0.5 0.862 0.408 1.134 0.635 0.59 1.451 69.717 6.622 7.522 9.564 0.796 0.739 0.341 0.49 0.711 1.633 6.032 1.281
catch_cv
 0.03 0.03 0.03 0.03 0.03 0.03 0.03 0.03 0.03 0.03 0.03 0.03 0.03 0.03 0.03 0.03 0.03 0.03 0.03 0.03 0.03 0.03 0.03 0.03 0.03 0.03 0.03
 0.6 0.6 0.6 0.6 0.6 0.6 0.6 0.6 0.6 0.2 0.2 0.2 0.2 0.2 0.2 0.2 0.2 0.2
 0.31 0.31 0.31 0.31 0.31 0.31 0.31 0.31 0.31 0.31 0.31 0.31 0.31 0.31 0.31 0.31 0.31 0.31 0.31 0.31 0.31 0.31 0.31 0.31 0.31 0.31 0.31 0.31
 0.31 0.31 0.31 0.31 0.31 0.31 0.31 0.31 0.31 0.31 0.31 0.31 0.31 0.31 0.31 0.31 0.31 0.31 0.31 0.31 0.31 0.31 0.31 0.31 0.31 0.31 0.31 0.31
nFparams
 30 28 28 0 0
nYparams
 0 0 0 0 0
fhit
 0 0 0 0 0
 0 0 0 0 0
 1 0 0 0 0
 0 0 0 0 0
 0 0 0 0 0
 0 0 0 0 0
 0 0 0 0 0
 1 0 0 0 0
 0 0 0 0 0
 0 0 0 0 0
 0 0 0 0 0
 0 0 0 0 0
 1 0 0 0 0
 0 0 0 0 0
 0 0 0 0 0
 0 0 0 0 0
 0 0 0 0 0
 1 0 0 0 0
 0 0 0 0 0
 0 0 0 0 0
 0 0 0 0 0
 0 0 0 0 0
 1 0 0 0 0
 0 0 0 0 0
 0 0 0 0 0
 0 0 0 0 0
 0 0 0 0 0
 1 0 0 0 0
 0 0 0 0 0
 0 0 0 0 0
 0 0 0 0 0
 0 0 0 0 0
 1 0 0 0 0
 0 0 0 0 0
 0 0 0 0 0
 0 0 0 0 0
 0 0 0 0 0
 1 0 0 0 0
 0 0 0 0 0
 0 0 0 0 0
 0 0 0 0 0
 0 0 0 0 0
 1 0 0 0 0
 0 0 0 0 0
 0 0 0 0 0
 0 0 0 0 0
 0 0 0 0 0
 1 0 0 0 0
 0 0 0 0 0
 0 0 0 0 0
 0 0 0 0 0
 0 0 0 0 0
 1 0 0 0 0
 0 0 0 0 0
 0 0 0 0 0
 0 0 0 0 0
 0 0 0 0 0
 1 0 0 0 0
 0 0 0 0 0
 0 0 0 0 0
 0 0 0 0 0
 0 0 0 0 0
 1 0 0 0 0
 0 0 0 0 0
 0 0 0 0 0
 0 0 0 0 0
 0 1 1 0 0
 1 0 0 0 0
 0 0 0 0 0
 0 0 0 0 0
 0 0 0 0 0
 0 1 1 0 0
 1 0 0 0 0
 0 0 0 0 0
 0 0 0 0 0
 0 0 0 0 0
 0 1 1 0 0
 1 0 0 0 0
 0 0 0 0 0
 0 0 0 0 0
 0 0 0 0 0
 0 1 1 0 0
 1 0 0 0 0
 0 0 0 0 0
 0 0 0 0 0
 0 0 0 0 0
 0 1 1 0 0
 1 0 0 0 0
 0 0 0 0 0
 0 0 0 0 0
 0 0 0 0 0
 0 1 1 0 0
 1 0 0 0 0
 0 0 0 0 0
 0 0 0 0 0
 0 0 0 0 0
 0 1 1 0 0
 1 0 0 0 0
 0 0 0 0 0
 0 0 0 0 0
 0 0 0 0 0
 0 1 1 0 0
 1 0 0 0 0
 0 0 0 0 0
 0 0 0 0 0
 0 0 0 0 0
 0 1 1 0 0
 0 0 0 0 0
 0 0 0 0 0
 0 0 0 0 0
 0 0 0 0 0
 0 1 1 0 0
 0 0 0 0 0
 0 0 0 0 0
 0 0 0 0 0
 0 0 0 0 0
 0 1 1 0 0
 0 0 0 0 0
 0 0 0 0 0
 0 0 0 0 0
 0 0 0 0 0
 0 1 1 0 0
 0 0 0 0 0
 0 0 0 0 0
 0 0 0 0 0
 0 0 0 0 0
 0 1 1 0 0
 0 0 0 0 0
 0 0 0 0 0
 0 0 0 0 0
 0 0 0 0 0
 0 1 1 0 0
 0 0 0 0 0
 0 0 0 0 0
 0 0 0 0 0
 0 0 0 0 0
 0 1 1 0 0
 0 0 0 0 0
 0 0 0 0 0
 0 0 0 0 0
 0 0 0 0 0
 0 1 1 0 0
 0 0 0 0 0
 0 0 0 0 0
 0 0 0 0 0
 0 0 0 0 0
 0 1 1 0 0
 0 0 0 0 0
 0 0 0 0 0
 0 0 0 0 0
 0 0 0 0 0
 0 1 1 0 0
 0 0 0 0 0
 0 0 0 0 0
 0 0 0 0 0
 0 0 0 0 0
 0 1 1 0 0
 1 0 0 0 0
 0 0 0 0 0
 0 0 0 0 0
 0 0 0 0 0
 0 1 1 0 0
 1 0 0 0 0
 0 0 0 0 0
 0 0 0 0 0
 0 0 0 0 0
 0 1 1 0 0
 1 0 0 0 0
 0 0 0 0 0
 0 0 0 0 0
 0 0 0 0 0
 0 1 1 0 0
 1 0 0 0 0
 0 0 0 0 0
 0 0 0 0 0
 0 0 0 0 0
 0 1 1 0 0
 0 0 0 0 0
 0 0 0 0 0
 0 0 0 0 0
 0 0 0 0 0
 0 1 1 0 0
 1 0 0 0 0
 0 0 0 0 0
 0 0 0 0 0
 0 0 0 0 0
 0 1 1 0 0
 1 0 0 0 0
 0 0 0 0 0
 0 0 0 0 0
 0 0 0 0 0
 0 1 1 0 0
 1 0 0 0 0
 0 0 0 0 0
 0 0 0 0 0
 0 0 0 0 0
 0 1 1 0 0
 1 0 0 0 0
 0 0 0 0 0
 0 0 0 0 0
 0 0 0 0 0
 0 1 1 0 0
 1 0 0 0 0
 0 0 0 0 0
 0 0 0 0 0
yhit
 0 0 0 0 0
 0 0 0 0 0
 0 0 0 0 0
 0 0 0 0 0
 0 0 0 0 0
 0 0 0 0 0
 0 0 0 0 0
 0 0 0 0 0
 0 0 0 0 0
 0 0 0 0 0
 0 0 0 0 0
 0 0 0 0 0
 0 0 0 0 0
 0 0 0 0 0
 0 0 0 0 0
 0 0 0 0 0
 0 0 0 0 0
 0 0 0 0 0
 0 0 0 0 0
 0 0 0 0 0
 0 0 0 0 0
 0 0 0 0 0
 0 0 0 0 0
 0 0 0 0 0
 0 0 0 0 0
 0 0 0 0 0
 0 0 0 0 0
 0 0 0 0 0
 0 0 0 0 0
 0 0 0 0 0
 0 0 0 0 0
 0 0 0 0 0
 0 0 0 0 0
 0 0 0 0 0
 0 0 0 0 0
 0 0 0 0 0
 0 0 0 0 0
 0 0 0 0 0
 0 0 0 0 0
 0 0 0 0 0
 0 0 0 0 0
 0 0 0 0 0
 0 0 0 0 0
 0 0 0 0 0
 0 0 0 0 0
 0 0 0 0 0
 0 0 0 0 0
 0 0 0 0 0
 0 0 0 0 0
 0 0 0 0 0
 0 0 0 0 0
 0 0 0 0 0
 0 0 0 0 0
 0 0 0 0 0
 0 0 0 0 0
 0 0 0 0 0
 0 0 0 0 0
 0 0 0 0 0
 0 0 0 0 0
 0 0 0 0 0
 0 0 0 0 0
 0 0 0 0 0
 0 0 0 0 0
 0 0 0 0 0
 0 0 0 0 0
 0 0 0 0 0
 0 0 0 0 0
 0 0 0 0 0
 0 0 0 0 0
 0 0 0 0 0
 0 0 0 0 0
 0 0 0 0 0
 0 0 0 0 0
 0 0 0 0 0
 0 0 0 0 0
 0 0 0 0 0
 0 0 0 0 0
 0 0 0 0 0
 0 0 0 0 0
 0 0 0 0 0
 0 0 0 0 0
 0 0 0 0 0
 0 0 0 0 0
 0 0 0 0 0
 0 0 0 0 0
 0 0 0 0 0
 0 0 0 0 0
 0 0 0 0 0
 0 0 0 0 0
 0 0 0 0 0
 0 0 0 0 0
 0 0 0 0 0
 0 0 0 0 0
 0 0 0 0 0
 0 0 0 0 0
 0 0 0 0 0
 0 0 0 0 0
 0 0 0 0 0
 0 0 0 0 0
 0 0 0 0 0
 0 0 0 0 0
 0 0 0 0 0
 0 0 0 0 0
 0 0 0 0 0
 0 0 0 0 0
 0 0 0 0 0
 0 0 0 0 0
 0 0 0 0 0
 0 0 0 0 0
 0 0 0 0 0
 0 0 0 0 0
 0 0 0 0 0
 0 0 0 0 0
 0 0 0 0 0
 0 0 0 0 0
 0 0 0 0 0
 0 0 0 0 0
 0 0 0 0 0
 0 0 0 0 0
 0 0 0 0 0
 0 0 0 0 0
 0 0 0 0 0
 0 0 0 0 0
 0 0 0 0 0
 0 0 0 0 0
 0 0 0 0 0
 0 0 0 0 0
 0 0 0 0 0
 0 0 0 0 0
 0 0 0 0 0
 0 0 0 0 0
 0 0 0 0 0
 0 0 0 0 0
 0 0 0 0 0
 0 0 0 0 0
 0 0 0 0 0
 0 0 0 0 0
 0 0 0 0 0
 0 0 0 0 0
 0 0 0 0 0
 0 0 0 0 0
 0 0 0 0 0
 0 0 0 0 0
 0 0 0 0 0
 0 0 0 0 0
 0 0 0 0 0
 0 0 0 0 0
 0 0 0 0 0
 0 0 0 0 0
 0 0 0 0 0
 0 0 0 0 0
 0 0 0 0 0
 0 0 0 0 0
 0 0 0 0 0
 0 0 0 0 0
 0 0 0 0 0
 0 0 0 0 0
 0 0 0 0 0
 0 0 0 0 0
 0 0 0 0 0
 0 0 0 0 0
 0 0 0 0 0
 0 0 0 0 0
 0 0 0 0 0
 0 0 0 0 0
 0 0 0 0 0
 0 0 0 0 0
 0 0 0 0 0
 0 0 0 0 0
 0 0 0 0 0
 0 0 0 0 0
 0 0 0 0 0
 0 0 0 0 0
 0 0 0 0 0
 0 0 0 0 0
 0 0 0 0 0
 0 0 0 0 0
 0 0 0 0 0
 0 0 0 0 0
 0 0 0 0 0
 0 0 0 0 0
 0 0 0 0 0
 0 0 0 0 0
 0 0 0 0 0
 0 0 0 0 0
 0 0 0 0 0
 0 0 0 0 0
 0 0 0 0 0
 0 0 0 0 0
 0 0 0 0 0
 0 0 0 0 0
 0 0 0 0 0
 0 0 0 0 0
 0 0 0 0 0
 0 0 0 0 0
 0 0 0 0 0
 0 0 0 0 0
 0 0 0 0 0
 0 0 0 0 0
 0 0 0 0 0
 0 0 0 0 0
 0 0 0 0 0
 0 0 0 0 0
 0 0 0 0 0
 0 0 0 0 0
dmr
 0.2 0 0 0 0
 0.2 0 0 0 0
 0.2 0 0 0 0
 0.2 0 0 0 0
 0.2 0 0 0 0
 0.2 0 0 0 0
 0.2 0 0 0 0
 0.2 0 0 0 0
 0.2 0 0 0 0
 0.2 0 0 0 0
 0.2 0 0 0 0
 0.2 0 0 0 0
 0.2 0 0 0 0
 0.2 0.8 0.5 0 0
 0.2 0.8 0.5 0 0
 0.2 0.8 0.5 0 0
 0.2 0.8 0.5 0 0
 0.2 0.8 0.5 0 0
 0.2 0.8 0.5 0 0
 0.2 0.8 0.5 0 0
 0.2 0.8 0.5 0 0
 0 0.8 0.5 0 0
 0 0.8 0.5 0 0
 0 0.8 0.5 0 0
 0 0.8 0.5 0 0
 0 0.8 0.5 0 0
 0 0.8 0.5 0 0
 0 0.8 0.5 0 0
 0 0.8 0.5 0 0
 0 0.8 0.5 0 0
 0 0.8 0.5 0 0
 0.2 0.8 0.5 0 0
 0.2 0.8 0.5 0 0
 0.2 0.8 0.5 0 0
 0.2 0.8 0.5 0 0
 0 0.8 0.5 0 0
 0.2 0.8 0.5 0 0
 0.2 0.8 0.5 0 0
 0.2 0.8 0.5 0 0
 0.2 0.8 0.5 0 0
 0.2 0.8 0.5 0 0
nSurveys
2
nSurveyRows
 42 11
dSurveyData
 1978 1 4 1 6832.82 0.394 1
 1979 1 4 1 7989.88 0.463 1
 1980 1 4 1 9986.83 0.507 1
 1981 1 4 1 6551.13 0.402 1
 1982 1 4 1 16221.9 0.344 1
 1983 1 4 1 9634.25 0.298 1
 1984 1 4 1 4071.22 0.179 1
 1985 1 4 1 3110.54 0.21 1
 1986 1 4 1 1416.85 0.388 1
 1987 1 4 1 2278.92 0.291 1
 1988 1 4 1 3158.17 0.252 1
 1989 1 4 1 6338.62 0.271 1
 1990 1 4 1 6730.13 0.274 1
 1991 1 4 1 6948.18 0.248 1
 1992 1 4 1 7093.27 0.201 1
 1993 1 4 1 9548.46 0.169 1
 1994 1 4 1 6539.13 0.176 1
 1995 1 4 1 5703.59 0.178 1
 1996 1 4 1 9410.4 0.241 1
 1997 1 4 1 10924.1 0.337 1
 1998 1 4 1 7976.84 0.355 1
 1999 1 4 1 1594.55 0.182 1
 2000 1 4 1 2096.8 0.31 1
 2001 1 4 1 2831.44 0.245 1
 2002 1 4 1 1732.6 0.32 1
 2003 1 4 1 1566.67 0.336 1
 2004 1 4 1 1523.87 0.305 1
 2005 1 4 1 1642.02 0.371 1
 2006 1 4 1 3893.88 0.334 1
 2007 1 4 1 6470.77 0.385 1
 2008 1 4 1 4654.47 0.284 1
 2009 1 4 1 6301.47 0.256 1
 2010 1 4 1 11130.9 0.466 1
 2011 1 4 1 10931.2 0.558 1
 2012 1 4 1 6200.22 0.339 1
 2013 1 4 1 2287.56 0.217 1
 2014 1 4 1 6029.22 0.449 1
 2015 1 4 1 5877.43 0.77 1
 2016 1 4 1 3485.91 0.393 1
 2017 1 4 1 1793.76 0.599 1
 2018 1 4 1 1730.74 0.281 1
 2019 1 4 1 3170.47 0.337 1
 1995 1 5 1 12042 0.13 2
 1998 1 5 1 12531 0.06 2
 2001 1 5 1 8477 0.08 2
 2004 1 5 1 1667 0.15 2
 2007 1 5 1 8643 0.09 2
 2010 1 5 1 10209 0.13 2
 2013 1 5 1 5643 0.19 2
 2015 1 5 1 2805 0.18 2
 2016 1 5 1 2378 0.186 2
 2017 1 5 1 1689 0.25 2
 2018 1 5 1 745 0.14 2
obs_cpue
 6832.82 7989.88 9986.83 6551.13 16221.9 9634.25 4071.22 3110.54 1416.85 2278.92 3158.17 6338.62 6730.13 6948.18 7093.27 9548.46 6539.13 5703.59 9410.4 10924.1 7976.84 1594.55 2096.8 2831.44 1732.6 1566.67 1523.87 1642.02 3893.88 6470.77 4654.47 6301.47 11130.9 10931.2 6200.22 2287.56 6029.22 5877.43 3485.91 1793.76 1730.74 3170.47
 12042 12531 8477 1667 8643 10209 5643 2805 2378 1689 745
cpue_cv
 0.394 0.463 0.507 0.402 0.344 0.298 0.179 0.21 0.388 0.291 0.252 0.271 0.274 0.248 0.201 0.169 0.176 0.178 0.241 0.337 0.355 0.182 0.31 0.245 0.32 0.336 0.305 0.371 0.334 0.385 0.284 0.256 0.466 0.558 0.339 0.217 0.449 0.77 0.393 0.599 0.281 0.337
 0.13 0.06 0.08 0.15 0.09 0.13 0.19 0.18 0.186 0.25 0.14
cpue_sd
 0.379875 0.440709 0.478296 0.387042 0.334428 0.291684 0.177591 0.207738 0.374479 0.285107 0.248131 0.266213 0.269056 0.244309 0.199013 0.167812 0.174659 0.176614 0.237607 0.327979 0.34452 0.180519 0.302917 0.241438 0.312233 0.327056 0.298243 0.359106 0.325209 0.371776 0.278511 0.251948 0.443302 0.520642 0.329824 0.214509 0.42855 0.682317 0.378976 0.553717 0.275678 0.327979
 0.129456 0.0599461 0.0798724 0.149166 0.0898185 0.129456 0.188318 0.178567 0.184421 0.246221 0.139321
nSizeComps_in
3
nSizeCompRows_in
 15 42 11
nSizeCompCols_in
 3 3 3
d3_SizeComps_in
 1990 3 1 1 0 0 0 15 0.1133 0.3933 0.4933
 1991 3 1 1 0 0 0 25 0.1329 0.1768 0.6902
 1992 3 1 1 0 0 0 25 0.1905 0.2677 0.5417
 1993 3 1 1 0 0 0 25 0.2807 0.2097 0.5096
 1994 3 1 1 0 0 0 25 0.2942 0.2714 0.4344
 1995 3 1 1 0 0 0 25 0.1478 0.2127 0.6395
 1996 3 1 1 0 0 0 25 0.1595 0.2229 0.6176
 1997 3 1 1 0 0 0 25 0.1818 0.2053 0.6128
 1998 3 1 1 0 0 0 25 0.1927 0.2162 0.5911
 2009 3 1 1 0 0 0 50 0.1413 0.3235 0.5352
 2010 3 1 1 0 0 0 50 0.1314 0.3152 0.5534
 2011 3 1 1 0 0 0 50 0.1314 0.3051 0.5636
 2012 3 1 1 0 0 0 50 0.1417 0.3178 0.5406
 2014 3 1 1 0 0 0 50 0.0939 0.2275 0.6786
 2015 3 1 1 0 0 0 50 0.1148 0.2518 0.6333
 1978 1 4 1 0 0 0 50 0.3865 0.3478 0.2657
 1979 1 4 1 0 0 0 50 0.4281 0.319 0.2529
 1980 1 4 1 0 0 0 50 0.3588 0.322 0.3192
 1981 1 4 1 0 0 0 50 0.1219 0.3065 0.5716
 1982 1 4 1 0 0 0 50 0.1671 0.2435 0.5893
 1983 1 4 1 0 0 0 50 0.1752 0.2726 0.5522
 1984 1 4 1 0 0 0 50 0.1823 0.2085 0.6092
 1985 1 4 1 0 0 0 46.5 0.2023 0.201 0.5967
 1986 1 4 1 0 0 0 23 0.1984 0.4364 0.3652
 1987 1 4 1 0 0 0 35.5 0.1944 0.3779 0.4277
 1988 1 4 1 0 0 0 40.5 0.1879 0.3737 0.4384
 1989 1 4 1 0 0 0 50 0.4246 0.2259 0.3496
 1990 1 4 1 0 0 0 50 0.238 0.2332 0.5288
 1991 1 4 1 0 0 0 50 0.2274 0.33 0.4426
 1992 1 4 1 0 0 0 50 0.2263 0.2911 0.4826
 1993 1 4 1 0 0 0 50 0.2296 0.2759 0.4945
 1994 1 4 1 0 0 0 50 0.1989 0.2926 0.5085
 1995 1 4 1 0 0 0 50 0.2593 0.3005 0.4403
 1996 1 4 1 0 0 0 50 0.1998 0.3054 0.4948
 1997 1 4 1 0 0 0 50 0.1622 0.3102 0.5275
 1998 1 4 1 0 0 0 50 0.1276 0.3212 0.5511
 1999 1 4 1 0 0 0 26 0.2224 0.2214 0.5562
 2000 1 4 1 0 0 0 30.5 0.2154 0.218 0.5665
 2001 1 4 1 0 0 0 45.5 0.2253 0.2699 0.5048
 2002 1 4 1 0 0 0 19 0.1127 0.2346 0.6527
 2003 1 4 1 0 0 0 32.5 0.3762 0.2345 0.3893
 2004 1 4 1 0 0 0 24 0.2488 0.1848 0.5663
 2005 1 4 1 0 0 0 21 0.2825 0.2744 0.4431
 2006 1 4 1 0 0 0 50 0.3276 0.2293 0.4431
 2007 1 4 1 0 0 0 50 0.4394 0.3525 0.2081
 2008 1 4 1 0 0 0 50 0.3745 0.2219 0.4036
 2009 1 4 1 0 0 0 50 0.3057 0.4202 0.2741
 2010 1 4 1 0 0 0 50 0.4081 0.3371 0.2548
 2011 1 4 1 0 0 0 50 0.2179 0.394 0.3881
 2012 1 4 1 0 0 0 50 0.1573 0.4393 0.4034
 2013 1 4 1 0 0 0 37 0.21 0.2834 0.5065
 2014 1 4 1 0 0 0 50 0.1738 0.3912 0.435
 2015 1 4 1 0 0 0 50 0.234 0.2994 0.4666
 2016 1 4 1 0 0 0 50 0.2255 0.278 0.4965
 2017 1 4 1 0 0 0 21 0.0849 0.2994 0.6157
 2018 1 4 1 0 0 0 31 0.1475 0.2219 0.6306
 2019 1 4 1 0 0 0 50 0.1961 0.2346 0.5692
 1995 1 5 1 0 0 0 100 0.1594 0.2656 0.5751
 1998 1 5 1 0 0 0 100 0.0769 0.2205 0.7026
 2001 1 5 1 0 0 0 100 0.1493 0.2049 0.6457
 2004 1 5 1 0 0 0 100 0.0672 0.2484 0.6845
 2007 1 5 1 0 0 0 100 0.1257 0.3148 0.5595
 2010 1 5 1 0 0 0 100 0.1299 0.3209 0.5492
 2013 1 5 1 0 0 0 100 0.1556 0.2477 0.5967
 2015 1 5 1 0 0 0 100 0.0706 0.2431 0.6859
 2016 1 5 1 0 0 0 100 0.0832 0.1917 0.7251
 2017 1 5 1 0 0 0 100 0.1048 0.254 0.6412
 2018 1 5 1 0 0 0 100 0.10201 0.21611 0.68188
d3_obs_size_comps_in
 0.1133 0.3933 0.4933
 0.1329 0.1768 0.6902
 0.1905 0.2677 0.5417
 0.2807 0.2097 0.5096
 0.2942 0.2714 0.4344
 0.1478 0.2127 0.6395
 0.1595 0.2229 0.6176
 0.1818 0.2053 0.6128
 0.1927 0.2162 0.5911
 0.1413 0.3235 0.5352
 0.1314 0.3152 0.5534
 0.1314 0.3051 0.5636
 0.1417 0.3178 0.5406
 0.0939 0.2275 0.6786
 0.1148 0.2518 0.6333
 0.3865 0.3478 0.2657
 0.4281 0.319 0.2529
 0.3588 0.322 0.3192
 0.1219 0.3065 0.5716
 0.1671 0.2435 0.5893
 0.1752 0.2726 0.5522
 0.1823 0.2085 0.6092
 0.2023 0.201 0.5967
 0.1984 0.4364 0.3652
 0.1944 0.3779 0.4277
 0.1879 0.3737 0.4384
 0.4246 0.2259 0.3496
 0.238 0.2332 0.5288
 0.2274 0.33 0.4426
 0.2263 0.2911 0.4826
 0.2296 0.2759 0.4945
 0.1989 0.2926 0.5085
 0.2593 0.3005 0.4403
 0.1998 0.3054 0.4948
 0.1622 0.3102 0.5275
 0.1276 0.3212 0.5511
 0.2224 0.2214 0.5562
 0.2154 0.218 0.5665
 0.2253 0.2699 0.5048
 0.1127 0.2346 0.6527
 0.3762 0.2345 0.3893
 0.2488 0.1848 0.5663
 0.2825 0.2744 0.4431
 0.3276 0.2293 0.4431
 0.4394 0.3525 0.2081
 0.3745 0.2219 0.4036
 0.3057 0.4202 0.2741
 0.4081 0.3371 0.2548
 0.2179 0.394 0.3881
 0.1573 0.4393 0.4034
 0.21 0.2834 0.5065
 0.1738 0.3912 0.435
 0.234 0.2994 0.4666
 0.2255 0.278 0.4965
 0.0849 0.2994 0.6157
 0.1475 0.2219 0.6306
 0.1961 0.2346 0.5692
 0.1594 0.2656 0.5751
 0.0769 0.2205 0.7026
 0.1493 0.2049 0.6457
 0.0672 0.2484 0.6845
 0.1257 0.3148 0.5595
 0.1299 0.3209 0.5492
 0.1556 0.2477 0.5967
 0.0706 0.2431 0.6859
 0.0832 0.1917 0.7251
 0.1048 0.254 0.6412
 0.10201 0.21611 0.68188
GrowthObsType
0
nGrowthObs
0
dGrowthData

eof
9999
ntheta
12
theta_control
 0.18 0.01 1 -4 2 0.18 0.02
 14.3 -7 30 -2 0 -7 30
 10 -7 20 -1 1 -10 20
 13.39 -7 20 1 0 -7 20
 80 30 310 -2 1 72.5 7.25
 0.25 0.1 7 -4 0 0.1 9
 0.2 -10 0.75 -4 0 -10 0.75
 0.75 0.2 1 -2 3 3 2
 0.01 0 1 -3 3 1.01 1.01
 14.5 5 20 1 0 5 20
 14 5 20 1 0 5 20
 13.5 5 20 1 0 5 20
bUseCustomNaturalMortality
0
lw_type
3
mean_wt_in
 0.000748427 0.00116573 0.00193051
 0.000748427 0.00116573 0.00168889
 0.000748427 0.00116573 0.00192225
 0.000748427 0.00116573 0.00187796
 0.000748427 0.00116573 0.00193863
 0.000748427 0.00116573 0.00207641
 0.000748427 0.00116573 0.00189933
 0.000748427 0.00116573 0.00211669
 0.000748427 0.00116573 0.00193878
 0.000748427 0.00116573 0.00193976
 0.000748427 0.00116573 0.00187107
 0.000748427 0.00116573 0.0019983
 0.000748427 0.00116573 0.00187042
 0.000748427 0.00116573 0.00196941
 0.000748427 0.00116573 0.00192686
 0.000748427 0.00116573 0.00202149
 0.000748427 0.00116573 0.00193132
 0.000748427 0.00116573 0.00201441
 0.000748427 0.00116573 0.00197747
 0.000748427 0.00116573 0.00209925
 0.000748427 0.00116573 0.00198248
 0.000748427 0.00116573 0.00193093
 0.000748427 0.00116573 0.00193093
 0.000748427 0.00116573 0.00193093
 0.000748427 0.00116573 0.00193093
 0.000748427 0.00116573 0.00193093
 0.000748427 0.00116573 0.00193093
 0.000748427 0.00116573 0.00193093
 0.000748427 0.00116573 0.00193093
 0.000748427 0.00116573 0.00193093
 0.000748427 0.00116573 0.00193093
 0.000748427 0.00116573 0.00189163
 0.000748427 0.00116573 0.00179572
 0.000748427 0.00116573 0.00182311
 0.000748427 0.00116573 0.00180743
 0.000748427 0.00116573 0.00193093
 0.000748427 0.00116573 0.00189463
 0.000748427 0.00116573 0.00185061
 0.000748427 0.00116573 0.00193093
 0.000748427 0.00116573 0.00193093
 0.000748427 0.00116573 0.00193093
 0.000748427 0.00116573 0.00193093
mean_wt
 0.000748427 0.00116573 0.00193051
 0.000748427 0.00116573 0.00168889
 0.000748427 0.00116573 0.00192225
 0.000748427 0.00116573 0.00187796
 0.000748427 0.00116573 0.00193863
 0.000748427 0.00116573 0.00207641
 0.000748427 0.00116573 0.00189933
 0.000748427 0.00116573 0.00211669
 0.000748427 0.00116573 0.00193878
 0.000748427 0.00116573 0.00193976
 0.000748427 0.00116573 0.00187107
 0.000748427 0.00116573 0.0019983
 0.000748427 0.00116573 0.00187042
 0.000748427 0.00116573 0.00196941
 0.000748427 0.00116573 0.00192686
 0.000748427 0.00116573 0.00202149
 0.000748427 0.00116573 0.00193132
 0.000748427 0.00116573 0.00201441
 0.000748427 0.00116573 0.00197747
 0.000748427 0.00116573 0.00209925
 0.000748427 0.00116573 0.00198248
 0.000748427 0.00116573 0.00193093
 0.000748427 0.00116573 0.00193093
 0.000748427 0.00116573 0.00193093
 0.000748427 0.00116573 0.00193093
 0.000748427 0.00116573 0.00193093
 0.000748427 0.00116573 0.00193093
 0.000748427 0.00116573 0.00193093
 0.000748427 0.00116573 0.00193093
 0.000748427 0.00116573 0.00193093
 0.000748427 0.00116573 0.00193093
 0.000748427 0.00116573 0.00189163
 0.000748427 0.00116573 0.00179572
 0.000748427 0.00116573 0.00182311
 0.000748427 0.00116573 0.00180743
 0.000748427 0.00116573 0.00193093
 0.000748427 0.00116573 0.00189463
 0.000748427 0.00116573 0.00185061
 0.000748427 0.00116573 0.00193093
 0.000748427 0.00116573 0.00193093
 0.000748427 0.00116573 0.00193093
 0.000748427 0.00116573 0.00193093
maturity
 0 1 1
legal
 0 0 1
bUseCustomGrowthMatrix
1
bUseGrowthIncrementModel
0
bUseCustomMoltProbility
2
nSizeSex
 3
nSizeClassRec
 1
nSizeIncVaries
 1
iYrsSizeIncChanges

nMoltVaries
 1
iYrsMoltChanges

BetaParRelative
1
iYrIncChanges
 1 1 1 1 1 1 1 1 1 1 1 1 1 1 1 1 1 1 1 1 1 1 1 1 1 1 1 1 1 1 1 1 1 1 1 1 1 1 1 1 1
nGrwth
2
Grwth_control
 121.5 65 145 -4 0 0 999
 0.06 0 1 -3 0 0 999
trans(CustomGrowthMatrix(h,i))
 0.1761 0 0
 0.7052 0.2206 0
 0.1187 0.7794 1
slx_nsel_period_in
 2 1 1 1 1
slx_bsex_in
 0 0 0 0 0
slx_type_in
 0 3 3 0 0
slx_include_in
 0 0 0 0 0
ret_nret_period_in
 1 1 1 1 1
ret_bsex_in
 0 0 0 0 0
ret_type_in
 3 6 6 6 6
slx_nret
 1 0 0 0 0
slx_control_in
 1 1 1 0 0.4 0.001 1 0 0 1 3 1978 2008
 1 2 2 0 0.7 0.001 1 0 0 1 3 1978 2008
 1 3 3 0 1 0.001 2 0 0 1 -2 1978 2008
 1 1 1 0 0.4 0.001 1 0 0 1 3 2009 2018
 1 2 2 0 0.4 0.001 1 0 0 1 3 2009 2018
 1 3 3 0 1 0.001 2 0 0 1 -2 2009 2018
 2 7 1 0 40 10 200 0 10 200 -3 1978 2018
 2 8 2 0 60 10 200 0 10 200 -3 1978 2018
 3 9 1 0 40 10 200 0 10 200 -3 1978 2018
 3 10 2 0 60 10 200 0 10 200 -3 1978 2018
 4 11 1 0 0.7 0.001 1 0 0 1 4 1978 2019
 4 12 2 0 0.7 0.001 1 0 0 1 4 1978 2019
 4 13 3 0 0.9 0.001 1 0 0 1 -5 1978 2019
 5 14 1 0 0.4 0.001 1 0 0 1 4 1978 2019
 5 15 2 0 0.7 0.001 1 0 0 1 4 1978 2019
 5 16 3 0 1 0.001 2 0 0 1 -2 1978 2019
 -1 17 1 0 120 50 200 0 1 900 -7 1978 2018
 -1 18 2 0 123 110 200 0 1 900 -7 1978 2018
 -2 19 1 0 595 1 999 0 1 999 -3 1978 2018
 -3 20 1 0 595 1 999 0 1 999 -3 1978 2018
 -4 21 1 0 595 1 999 0 1 999 -3 1978 2019
 -5 22 1 0 595 1 999 0 1 999 -3 1978 2019
slx_priors
 0 0.001 1
 0 0.001 1
 0 0.001 2
 0 0.001 1
 0 0.001 1
 0 0.001 2
 0 10 200
 0 10 200
 0 10 200
 0 10 200
 0 0.001 1
 0 0.001 1
 0 0.001 1
 0 0.001 1
 0 0.001 1
 0 0.001 2
 0 50 200
 0 110 200
 0 1 999
 0 1 999
 0 1 999
 0 1 999
NumAsympRet
1
AsympSel_control
 1 1 1978 1e-006 0 1 -3
q_controls
 1 0.5 1.2 -4 0 0 9 0 1 1
 0.003 0 5 3 0 0 9 0 1 1
prior_qtype
 0 0
prior_p1
 0.5 0
prior_p2
 1.2 5
cpue_lambda
 1 1
cv_controls
 1e-007 1e-008 10 -4 4 1 100
 1e-007 1e-008 10 -4 4 1 100
prior_add_cv_type
 4 4
prior_add_cv_p1
 1 1
prior_add_cv_p2
 100 100
f_controls
 0.2 0 3 50 1 -1
 0.0001 0 4 50 1 -1
 0.0001 0 4 50 1 -1
 0 0 2 20 -1 -1
 0 0 2 20 -1 -1
f_phz
 1 1 1 -1 -1
foff_phz
 -1 -1 -1 -1 -1
nAgeCompType_in
 2 2 2
bTailCompression_in
 0 0 0
nvn_ival_in
 1 1 1
nvn_phz_in
 -4 -4 -4
iCompAggregator
 1 2 3
lf_lambda_in
 1 1 1
lf_emphasis_in
 1 1 1
d3_obs_size_comps
 0.113311 0.393339 0.493349
 0.132913 0.176818 0.690269
 0.190519 0.267727 0.541754
 0.2807 0.2097 0.5096
 0.2942 0.2714 0.4344
 0.1478 0.2127 0.6395
 0.1595 0.2229 0.6176
 0.181818 0.205321 0.612861
 0.1927 0.2162 0.5911
 0.1413 0.3235 0.5352
 0.1314 0.3152 0.5534
 0.131387 0.305069 0.563544
 0.141686 0.317768 0.540546
 0.0939 0.2275 0.6786
 0.114811 0.251825 0.633363
 0.3865 0.3478 0.2657
 0.4281 0.319 0.2529
 0.3588 0.322 0.3192
 0.1219 0.3065 0.5716
 0.167117 0.243524 0.589359
 0.1752 0.2726 0.5522
 0.1823 0.2085 0.6092
 0.2023 0.201 0.5967
 0.1984 0.4364 0.3652
 0.1944 0.3779 0.4277
 0.1879 0.3737 0.4384
 0.424558 0.225877 0.349565
 0.238 0.2332 0.5288
 0.2274 0.33 0.4426
 0.2263 0.2911 0.4826
 0.2296 0.2759 0.4945
 0.1989 0.2926 0.5085
 0.259274 0.30047 0.440256
 0.1998 0.3054 0.4948
 0.162216 0.310231 0.527553
 0.127613 0.321232 0.551155
 0.2224 0.2214 0.5562
 0.215422 0.218022 0.566557
 0.2253 0.2699 0.5048
 0.1127 0.2346 0.6527
 0.3762 0.2345 0.3893
 0.248825 0.184818 0.566357
 0.2825 0.2744 0.4431
 0.3276 0.2293 0.4431
 0.4394 0.3525 0.2081
 0.3745 0.2219 0.4036
 0.3057 0.4202 0.2741
 0.4081 0.3371 0.2548
 0.2179 0.394 0.3881
 0.1573 0.4393 0.4034
 0.210021 0.283428 0.506551
 0.1738 0.3912 0.435
 0.234 0.2994 0.4666
 0.2255 0.278 0.4965
 0.0849 0.2994 0.6157
 0.1475 0.2219 0.6306
 0.19612 0.234623 0.569257
 0.159384 0.265573 0.575042
 0.0769 0.2205 0.7026
 0.149315 0.20492 0.645765
 0.0671933 0.248375 0.684432
 0.1257 0.3148 0.5595
 0.1299 0.3209 0.5492
 0.1556 0.2477 0.5967
 0.0706283 0.243197 0.686174
 0.0832 0.1917 0.7251
 0.1048 0.254 0.6412
 0.10201 0.21611 0.68188
m_type
6
Mdev_phz_def
3
m_stdev
10
m_nNodes_sex
 2
m_nodeyear_sex
 1998 1999
nSizeDevs
0
m_size_nodeyear

Init_Mdev
1
model_controls
 1978 2018 3 -3 0 2 1 0 10 -1
catch_emphasis
 1 1 1 1
Penalty_emphasis
 10000 1 1 1 0 0 1
eof_ctl
9999
Calc_MSY
1
Ffixed
 0 1 1 1 1
spr_syr
1978
spr_nyr
2018
spr_aveF_syr
2014
spr_aveF_nyr
2018
spr_target
0.35
OFLTier
4
OFLalpha
0.1
OFLbeta
0.25
OFLgamma
1
ABCBuffer
0.8
Compute_yield_prj
0
pyr
2068
prj_Nstrat
2
prj_lowF
0
prj_hiF
0.18
prj_bycatch_on
1
prj_replicates
2
Fixed_prj_Bmsy
-3423.8
Stock_rec_prj
1
Age_at_rec_prj
7
prj_futRec_syr
1996
prj_futRec_nyr
2018
SigmaR_prj
1e-005
Apply_HCR_prj
1
MeanWStateMature
0.00172963
MeanWStateLegal
0.00193093
max_prj
10000
eof_prj
9999
theta
 0.18 14.3 10 13.39 80 0.25 0.2 0.75 0.01 14.5 14 13.5
Grwth
 121.5 0.06
log_slx_pars
 -0.916291 -0.356675 0 -0.916291 -0.916291 0 3.68888 4.09434 3.68888 4.09434 -0.356675 -0.356675 -0.105361 -0.916291 -0.356675 0 4.78749 4.81218 6.38856 6.38856 6.38856 6.38856
Asymret
 1e-006
f_phz
 1 1 1 -1 -1
log_fbar
 -1.60944 -9.21034 -9.21034 -4 -4
nFparams
 30 28 28 0 0
log_fdev(I)
 0 0 0 0 0 0 0 0 0 0 0 0 0 0 0 0 0 0 0 0 0 0 0 0 0 0 0 0 0 0
log_fdev(I)
 0 0 0 0 0 0 0 0 0 0 0 0 0 0 0 0 0 0 0 0 0 0 0 0 0 0 0 0
log_fdev(I)
 0 0 0 0 0 0 0 0 0 0 0 0 0 0 0 0 0 0 0 0 0 0 0 0 0 0 0 0
log_fdev(I)

log_fdev(I)

log_foff
 -2 -2 -2 -2 -2
foff_phz
 -1 -1 -1 -1 -1
nYparams
 0 0 0 0 0
log_fdov(I)

log_fdov(I)

log_fdov(I)

log_fdov(I)

log_fdov(I)

rec_ini
 0 0 0
rec_dev_est
 0 0 0 0 0 0 0 0 0 0 0 0 0 0 0 0 0 0 0 0 0 0 0 0 0 0 0 0 0 0 0 0 0 0 0 0 0 0 0 0 0
logit_rec_prop_est
 0 0 0 0 0 0 0 0 0 0 0 0 0 0 0 0 0 0 0 0 0 0 0 0 0 0 0 0 0 0 0 0 0 0 0 0 0 0 0 0 0
nMdev
2
log_vn
 0 0 0
survey_q
 1 0.003
log_add_cv
 -16.1181 -16.1181
