Catches
 -68.5428 4.29336 -7.70998 -7.67375
Index
 8.00774 83.3088 0
Size-compositions
 -104.221 -254.735 -89.4521
Recruitment_penalities
 57.9574 0 0
Tagging_data
 0
Initial_size-structure
0
Other_penalties
 2.81435e-016 9.66314 6.45509 0 0 0 0
Total
-362.501

selectivity
1978 1 1  0.447251 0.639179 1
1978 1 2  0.999792 0.999979 1
1978 1 3  0.999792 0.999979 1
1978 1 4  0.794243 1.11111 1
1978 1 5  0.603619 1 1
1978 1 6  0.281486 0.907246 1
2018 1 1  0.5981 1 1
2018 1 2  0.999792 0.999979 1
2018 1 3  0.999792 0.999979 1
2018 1 4  0.794243 1.11111 1
2018 1 5  0.603619 1 1
2018 1 6  0.281486 0.907246 1
retained
1978 1 1  2.56817e-010 0.0006355 0.999999
2018 1 1  2.56817e-010 0.000635501 1
d3_obs_size_comps_1
 0.113311 0.393339 0.493349
 0.132913 0.176818 0.690269
 0.190519 0.267727 0.541754
 0.2807 0.2097 0.5096
 0.2942 0.2714 0.4344
 0.1478 0.2127 0.6395
 0.1595 0.2229 0.6176
 0.181818 0.205321 0.612861
 0.1927 0.2162 0.5911
 0.1413 0.3235 0.5352
 0.1314 0.3152 0.5534
 0.131387 0.305069 0.563544
 0.141686 0.317768 0.540546
 0.0939 0.2275 0.6786
 0.114811 0.251825 0.633363
d3_obs_size_comps_2
 0.3865 0.3478 0.2657
 0.4281 0.319 0.2529
 0.3588 0.322 0.3192
 0.1219 0.3065 0.5716
 0.167117 0.243524 0.589359
 0.1752 0.2726 0.5522
 0.1823 0.2085 0.6092
 0.2023 0.201 0.5967
 0.1984 0.4364 0.3652
 0.1944 0.3779 0.4277
 0.1879 0.3737 0.4384
 0.424558 0.225877 0.349565
 0.238 0.2332 0.5288
 0.2274 0.33 0.4426
 0.2263 0.2911 0.4826
 0.2296 0.2759 0.4945
 0.1989 0.2926 0.5085
 0.259274 0.30047 0.440256
 0.1998 0.3054 0.4948
 0.162216 0.310231 0.527553
 0.127613 0.321232 0.551155
 0.2224 0.2214 0.5562
 0.215422 0.218022 0.566557
 0.2253 0.2699 0.5048
 0.1127 0.2346 0.6527
 0.3762 0.2345 0.3893
 0.248825 0.184818 0.566357
 0.2825 0.2744 0.4431
 0.3276 0.2293 0.4431
 0.4394 0.3525 0.2081
 0.3745 0.2219 0.4036
 0.3057 0.4202 0.2741
 0.4081 0.3371 0.2548
 0.2179 0.394 0.3881
 0.1573 0.4393 0.4034
 0.210021 0.283428 0.506551
 0.1738 0.3912 0.435
 0.234 0.2994 0.4666
 0.2255 0.278 0.4965
 0.0849 0.2994 0.6157
 0.1475 0.2219 0.6306
 0.19612 0.234623 0.569257
d3_obs_size_comps_3
 0.159384 0.265573 0.575042
 0.0769 0.2205 0.7026
 0.149315 0.20492 0.645765
 0.0671933 0.248375 0.684432
 0.1257 0.3148 0.5595
 0.1299 0.3209 0.5492
 0.1556 0.2477 0.5967
 0.0706283 0.243197 0.686174
 0.0832 0.1917 0.7251
 0.1048 0.254 0.6412
 0.10201 0.21611 0.68188
d3_pre_size_comps_1
 0.208031 0.310995 0.480974
 0.199042 0.24529 0.555668
 0.216953 0.234329 0.548718
 0.230743 0.230977 0.53828
 0.164206 0.263226 0.572568
 0.168415 0.230025 0.60156
 0.200232 0.210917 0.588851
 0.116076 0.255059 0.628866
 0.0907318 0.224857 0.684412
 0.190298 0.27729 0.532413
 0.158494 0.269809 0.571697
 0.160269 0.262488 0.577243
 0.102571 0.312508 0.584921
 0.140726 0.234892 0.624383
 0.137274 0.22433 0.638396
d3_pre_size_comps_2
 0.391139 0.34736 0.261501
 0.417063 0.312427 0.27051
 0.298818 0.359583 0.341599
 0.120051 0.3741 0.505849
 0.156903 0.248854 0.594243
 0.112439 0.282058 0.605503
 0.152499 0.275679 0.571822
 0.262313 0.243874 0.493812
 0.355061 0.258182 0.386757
 0.309411 0.319733 0.370855
 0.271728 0.323463 0.404809
 0.45307 0.226288 0.320642
 0.265581 0.388647 0.345771
 0.264663 0.319272 0.416065
 0.287231 0.303685 0.409083
 0.303627 0.297517 0.398856
 0.22062 0.34619 0.43319
 0.229972 0.307468 0.46256
 0.271212 0.279653 0.449136
 0.161245 0.34683 0.491925
 0.130316 0.316138 0.553546
 0.220352 0.246829 0.532819
 0.222229 0.237643 0.540129
 0.190991 0.245516 0.563492
 0.0761022 0.256861 0.667037
 0.171166 0.145562 0.683272
 0.0987006 0.197245 0.704054
 0.267534 0.126333 0.606134
 0.312677 0.205641 0.481682
 0.159052 0.313195 0.527753
 0.313394 0.189801 0.496805
 0.231157 0.281828 0.487014
 0.194528 0.27708 0.528392
 0.196749 0.269619 0.533632
 0.127493 0.325013 0.547494
 0.195172 0.276812 0.528015
 0.174284 0.243405 0.582311
 0.170375 0.232961 0.596663
 0.189207 0.211285 0.599508
 0.136145 0.226609 0.637246
 0.18171 0.179584 0.638706
 0.225974 0.187744 0.586282
d3_pre_size_comps_3
 0.191209 0.302739 0.506051
 0.105686 0.303619 0.590695
 0.156143 0.237696 0.606161
 0.078416 0.185577 0.736007
 0.129906 0.302926 0.567168
 0.159722 0.269415 0.570862
 0.160274 0.269193 0.570534
 0.0712675 0.224509 0.704224
 0.0799162 0.205604 0.71448
 0.0554273 0.21255 0.732022
 0.0757873 0.172563 0.751649
d3_res_size_comps_1
 -1.15734 0.652863 0.0958655
 -0.973967 -0.897372 1.45551
 -0.336562 0.377143 -0.0698789
 0.555888 -0.261327 -0.28685
 1.42636 0.0919105 -1.39372
 -0.290438 -0.211686 0.395093
 -0.556235 0.143959 0.29579
 0.852259 -0.615668 -0.164282
 1.29264 -0.105144 -0.949001
 -0.994651 0.69848 0.0395187
 -0.567079 0.69084 -0.26025
 -0.604544 0.653932 -0.195315
 0.793117 0.0798839 -0.629627
 -1.13514 -0.124677 0.820906
 -0.498229 0.447909 -0.0738502
d3_res_size_comps_2
 -0.0673684 0.00653848 0.0672186
 0.15773 0.0997215 -0.286478
 0.884271 -0.568771 -0.33976
 0.0399648 -1.03679 0.939536
 0.193576 -0.0878015 -0.0701987
 1.16743 -0.150183 -0.757958
 0.545795 -1.16934 0.541677
 -1.01873 -0.729548 1.43021
 -1.88397 1.7234 -0.214721
 -1.7316 0.714774 0.68458
 -1.36569 0.660845 0.430829
 -0.407898 -0.00693923 0.428905
 -0.457963 -2.59934 2.59272
 -0.628622 0.161333 0.377753
 -1.02967 -0.1959 1.04031
 -1.2446 -0.341984 1.35269
 -0.38475 -0.832917 1.0652
 0.472805 -0.107935 -0.317709
 -1.26287 0.39529 0.645827
 0.0186313 -0.559444 0.504614
 -0.0572921 0.0771409 -0.0339882
 0.0251154 -0.312303 0.239961
 -0.0914438 -0.262434 0.294528
 0.553938 0.37052 -0.791838
 0.504469 -0.228991 -0.131254
 2.41288 1.19671 -3.4371
 1.70114 -0.156845 -1.36119
 0.152336 1.52065 -1.504
 0.224826 0.397966 -0.549202
 3.99416 0.581752 -5.56792
 0.892753 0.546235 -1.34332
 1.14411 1.98228 -3.37518
 3.07271 0.8978 -4.43969
 0.362284 1.79992 -2.11169
 0.578891 1.6283 -2.07692
 0.221743 0.0892977 -0.261151
 -0.00903375 2.14145 -2.10112
 1.06264 1.02576 -1.84349
 0.614084 1.05298 -1.4568
 -0.84251 0.728327 -0.20298
 -0.537143 0.567013 -0.0935153
 -0.531661 0.782247 -0.243116
d3_res_size_comps_3
 -0.869465 -0.841543 1.39563
 -1.08042 -2.00488 2.44807
 -0.191586 -0.812003 0.82805
 -0.44827 1.45341 -1.10975
 -0.126868 0.255655 -0.154452
 -0.887063 1.10288 -0.435359
 -0.128937 -0.497884 0.533394
 -0.0249523 0.43562 -0.388956
 0.118899 -0.353209 0.237866
 1.61193 0.952212 -1.89352
 0.866404 1.05801 -1.49801
