Catches
 -67.8238 9.4001 -7.71002 -7.68706
Index
 9.17638 107.068
Size-compositions
 -101.262 -241.563 -87.8259
Recruitment_penalities
 55.3436 0 0
Tagging_data
 0
Initial_size-structure
0
Other_penalties
 2.23596e-016 9.66278 6.45825 0 0 0 0
Total
-303.048

selectivity
1978 1 1  0.449554 0.678147 1
1978 1 2  0.999792 0.999979 1
1978 1 3  0.999792 0.999979 1
1978 1 4  0.863859 1.11111 1
1978 1 5  0.560504 1 1
2018 1 1  0.756466 1 1
2018 1 2  0.999792 0.999979 1
2018 1 3  0.999792 0.999979 1
2018 1 4  0.863859 1.11111 1
2018 1 5  0.560504 1 1
retained
1978 1 1  2.56817e-010 0.0006355 0.999999
2018 1 1  2.56817e-010 0.000635501 1
d3_obs_size_comps_1
 0.113311 0.393339 0.493349
 0.132913 0.176818 0.690269
 0.190519 0.267727 0.541754
 0.2807 0.2097 0.5096
 0.2942 0.2714 0.4344
 0.1478 0.2127 0.6395
 0.1595 0.2229 0.6176
 0.181818 0.205321 0.612861
 0.1927 0.2162 0.5911
 0.1413 0.3235 0.5352
 0.1314 0.3152 0.5534
 0.131387 0.305069 0.563544
 0.141686 0.317768 0.540546
 0.0939 0.2275 0.6786
 0.114811 0.251825 0.633363
d3_obs_size_comps_2
 0.3865 0.3478 0.2657
 0.4281 0.319 0.2529
 0.3588 0.322 0.3192
 0.1219 0.3065 0.5716
 0.167117 0.243524 0.589359
 0.1752 0.2726 0.5522
 0.1823 0.2085 0.6092
 0.2023 0.201 0.5967
 0.1984 0.4364 0.3652
 0.1944 0.3779 0.4277
 0.1879 0.3737 0.4384
 0.424558 0.225877 0.349565
 0.238 0.2332 0.5288
 0.2274 0.33 0.4426
 0.2263 0.2911 0.4826
 0.2296 0.2759 0.4945
 0.1989 0.2926 0.5085
 0.259274 0.30047 0.440256
 0.1998 0.3054 0.4948
 0.162216 0.310231 0.527553
 0.127613 0.321232 0.551155
 0.2224 0.2214 0.5562
 0.215422 0.218022 0.566557
 0.2253 0.2699 0.5048
 0.1127 0.2346 0.6527
 0.3762 0.2345 0.3893
 0.248825 0.184818 0.566357
 0.2825 0.2744 0.4431
 0.3276 0.2293 0.4431
 0.4394 0.3525 0.2081
 0.3745 0.2219 0.4036
 0.3057 0.4202 0.2741
 0.4081 0.3371 0.2548
 0.2179 0.394 0.3881
 0.1573 0.4393 0.4034
 0.210021 0.283428 0.506551
 0.1738 0.3912 0.435
 0.234 0.2994 0.4666
 0.2255 0.278 0.4965
 0.0849 0.2994 0.6157
 0.1475 0.2219 0.6306
 0.19612 0.234623 0.569257
d3_obs_size_comps_3
 0.159384 0.265573 0.575042
 0.0769 0.2205 0.7026
 0.149315 0.20492 0.645765
 0.0671933 0.248375 0.684432
 0.1257 0.3148 0.5595
 0.1299 0.3209 0.5492
 0.1556 0.2477 0.5967
 0.0706283 0.243197 0.686174
 0.0832 0.1917 0.7251
 0.1048 0.254 0.6412
 0.10201 0.21611 0.68188
d3_pre_size_comps_1
 0.207862 0.321674 0.470464
 0.196921 0.255666 0.547414
 0.211438 0.24159 0.546972
 0.227213 0.235301 0.537485
 0.165382 0.266616 0.568002
 0.17605 0.231706 0.592244
 0.199812 0.218928 0.58126
 0.12753 0.254323 0.618147
 0.0939507 0.225921 0.680129
 0.21322 0.256485 0.530295
 0.190662 0.242116 0.567222
 0.184104 0.237042 0.578854
 0.130404 0.261837 0.607759
 0.157622 0.203266 0.639113
 0.128674 0.199123 0.672203
d3_pre_size_comps_2
 0.387235 0.347012 0.265753
 0.391651 0.311644 0.296705
 0.277054 0.344149 0.378797
 0.117179 0.341671 0.54115
 0.155612 0.226401 0.617987
 0.11672 0.255458 0.627822
 0.152032 0.250897 0.597071
 0.248215 0.223638 0.528147
 0.33998 0.235004 0.425015
 0.330555 0.282161 0.387284
 0.28583 0.308228 0.405942
 0.478534 0.211278 0.310188
 0.285929 0.377288 0.336783
 0.281399 0.311514 0.407087
 0.301161 0.293405 0.405434
 0.321126 0.283556 0.395319
 0.240275 0.330278 0.429447
 0.258205 0.289761 0.452033
 0.290016 0.27094 0.439045
 0.191468 0.325569 0.482964
 0.146678 0.300742 0.55258
 0.232989 0.225239 0.541771
 0.240303 0.225295 0.534402
 0.205619 0.240729 0.553651
 0.079185 0.256782 0.664033
 0.188123 0.14094 0.670937
 0.114046 0.196651 0.689303
 0.291855 0.127219 0.580926
 0.331162 0.205588 0.46325
 0.192584 0.302669 0.504747
 0.302979 0.204451 0.492569
 0.229975 0.269165 0.50086
 0.20658 0.255242 0.538177
 0.199758 0.250249 0.549993
 0.142149 0.277709 0.580141
 0.191119 0.228919 0.579963
 0.172254 0.216133 0.611613
 0.141236 0.212658 0.646105
 0.145859 0.182011 0.67213
 0.123878 0.176712 0.69941
 0.131967 0.15636 0.711673
 0.236596 0.136619 0.626785
d3_pre_size_comps_3
 0.190303 0.296228 0.513469
 0.103624 0.294711 0.601665
 0.147627 0.239738 0.612635
 0.0786965 0.188225 0.733078
 0.138516 0.301963 0.559521
 0.148611 0.254696 0.596694
 0.13627 0.226404 0.637326
 0.0986283 0.20599 0.695382
 0.101699 0.17603 0.722271
 0.0856139 0.169404 0.744982
 0.0912825 0.150022 0.758696
d3_res_size_comps_1
 -1.15528 0.568197 0.177282
 -0.942722 -1.03336 1.54477
 -0.266342 0.295153 -0.0523641
 0.595167 -0.314439 -0.278905
 1.41347 0.0537866 -1.34767
 -0.397991 -0.232224 0.492096
 -0.550502 0.0477239 0.373888
 0.703775 -0.606564 -0.0542592
 1.25183 -0.118068 -0.905442
 -1.45997 1.01294 0.0695456
 -1.24037 1.11233 -0.196601
 -1.10344 1.04471 -0.218285
 0.228766 0.849411 -0.953681
 -1.54473 0.408767 0.597878
 -0.307472 0.858538 -0.569923
d3_res_size_comps_2
 -0.0106746 0.0116986 -0.000846139
 0.520877 0.111606 -0.712603
 1.20511 -0.335193 -0.903999
 0.102037 -0.539421 0.435106
 0.218058 0.282098 -0.411489
 1.08781 0.272198 -1.07533
 0.554334 -0.737968 0.175775
 -0.779401 -0.385207 0.952927
 -1.70262 1.94754 -0.595788
 -2.04993 1.17648 0.486727
 -1.59542 0.861258 0.416291
 -0.772177 0.246875 0.583927
 -0.795831 -2.40939 2.72005
 -0.910963 0.277993 0.505576
 -1.26507 -0.0358721 1.09195
 -1.53881 -0.121115 1.40272
 -0.732921 -0.58561 1.11814
 0.0172446 0.165164 -0.167759
 -1.5954 0.529059 0.788541
 -0.56107 -0.234447 0.63154
 -0.404042 0.310287 -0.0202592
 -0.129842 -0.0471527 0.148085
 -0.334247 -0.097281 0.358352
 0.317763 0.44326 -0.659073
 0.461976 -0.228173 -0.103758
 2.21333 1.25889 -3.29288
 1.52725 -0.149337 -1.21538
 -0.0952223 1.51154 -1.27145
 -0.0536696 0.398852 -0.286826
 3.51642 0.737542 -5.16718
 1.0449 0.296929 -1.28227
 1.16226 2.16369 -3.59466
 2.89931 1.22445 -4.59848
 0.310741 2.08024 -2.3491
 0.294248 2.30226 -2.54749
 0.282279 0.735738 -0.893174
 0.0288535 2.5366 -2.51907
 1.54932 1.33922 -2.54427
 1.34752 1.51501 -2.48384
 -0.640828 1.22758 -0.788614
 0.243891 0.878197 -0.935261
 -0.720823 1.63534 -0.82149
d3_res_size_comps_3
 -0.84469 -0.694119 1.24558
 -1.00303 -1.79001 2.20809
 0.0473713 -0.862585 0.692676
 -0.459475 1.39213 -1.04675
 -0.38659 0.276407 -0.000432196
 -0.556551 1.41819 -0.954503
 0.53328 0.493322 -0.828149
 -1.09289 0.867285 -0.19842
 -0.669805 0.398081 0.0633633
 0.626392 1.9434 -2.16371
 0.354439 1.60568 -1.6493
